1 0.696875 0.66484375 0.4984375 0.4546875
5 0.89375 0.77578125 0.2125 0.44296875
5 0.15 0.29609375 0.09375 0.1109375
5 0.4390625 0.3546875 0.159375 0.29296875
3 0.23515625 0.3328125 0.075 0.05859375
5 0.8796875 0.5171875 0.21171875 0.353125
5 0.31875 0.28984375 0.12578125 0.16796875
3 0.8421875 0.5375 0.1453125 0.1421875
3 0.1296875 0.85234375 0.196875 0.2953125
5 0.06328125 0.41015625 0.1234375 0.37265625
3 0.7765625 0.60859375 0.15546875 0.2171875
5 0.63671875 0.36953125 0.11875 0.1953125
5 0.18359375 0.5171875 0.18125 0.3671875
5 0.359375 0.690625 0.27734375 0.459375