1 0.459375 0.8359375 0.3765625 0.325
0 0.42265625 0.615625 0.03125 0.115625
5 0.1109375 0.41875 0.1921875 0.58828125
0 0.70234375 0.48984375 0.04765625 0.2265625
5 0.503125 0.35703125 0.065625 0.184375
5 0.41171875 0.41328125 0.0890625 0.2265625
5 0.97421875 0.34609375 0.0515625 0.1703125
5 0.48515625 0.4796875 0.16328125 0.209375
5 0.0703125 0.75546875 0.1390625 0.47421875
5 0.90625 0.5171875 0.1625 0.2375
5 0.303125 0.453125 0.08984375 0.26796875
5 0.33046875 0.57109375 0.190625 0.23125
5 0.9265625 0.384375 0.134375 0.20625
0 0.7171875 0.721875 0.11796875 0.1875
5 0.553125 0.621875 0.228125 0.3984375
5 0.85703125 0.7828125 0.2859375 0.4171875