1 0.49921875 0.68828125 0.9953125 0.615625
0 0.50234375 0.315625 0.05546875 0.13359375
5 0.0265625 0.496875 0.053125 0.19375
0 0.98984375 0.36171875 0.0203125 0.15625
5 0.81875 0.3859375 0.1421875 0.3625
5 0.0890625 0.30390625 0.1765625 0.2140625
5 0.271875 0.32578125 0.1109375 0.1984375
5 0.18828125 0.35703125 0.13671875 0.26015625
5 0.4546875 0.3046875 0.09375 0.16875
5 0.10390625 0.40546875 0.19609375 0.31640625
5 0.57578125 0.2921875 0.0984375 0.1875
5 0.71953125 0.30078125 0.09296875 0.2015625
5 0.36171875 0.31484375 0.0828125 0.13828125
5 0.878125 0.515625 0.24375 0.52734375