1 0.38125 0.80546875 0.48515625 0.38828125
5 0.54375 0.453125 0.05 0.10703125
5 0.309375 0.35078125 0.03828125 0.17421875
0 0.36015625 0.5046875 0.1140625 0.0984375
5 0.4703125 0.46171875 0.04375 0.08671875
5 0.8015625 0.41796875 0.05546875 0.1921875
0 0.5109375 0.46328125 0.0390625 0.07734375
0 0.15703125 0.66015625 0.09296875 0.19921875
0 0.05625 0.5609375 0.07890625 0.14921875
5 0.88359375 0.39375 0.05546875 0.15234375
5 0.028125 0.42265625 0.05625 0.2125
6 0.31953125 0.2046875 0.07421875 0.08203125
5 0.1046875 0.45625 0.075 0.12421875
0 0.19921875 0.5234375 0.07421875 0.1359375
5 0.63828125 0.5921875 0.11796875 0.45546875
5 0.24296875 0.653125 0.1484375 0.31015625
5 0.121875 0.54453125 0.065625 0.16953125
0 0.33359375 0.63125 0.0734375 0.2109375
5 0.39140625 0.6125 0.13359375 0.253125