1 0.2875 0.82265625 0.575 0.353125
6 0.5640625 0.43984375 0.03046875 0.05703125
0 0.83515625 0.634375 0.08984375 0.0984375
0 0.5328125 0.56171875 0.0390625 0.0421875
0 0.61328125 0.74296875 0.053125 0.22421875
0 0.353125 0.63828125 0.090625 0.07890625
0 0.49296875 0.884375 0.1296875 0.22265625
5 0.72734375 0.54296875 0.04375 0.278125
0 0.4109375 0.621875 0.03984375 0.05
0 0.8546875 0.73671875 0.12578125 0.19921875
0 0.01640625 0.8203125 0.03203125 0.0890625
0 0.446875 0.603125 0.0375 0.046875
0 0.890625 0.80859375 0.140625 0.303125
0 0.5796875 0.80390625 0.0703125 0.2515625
5 0.6078125 0.50078125 0.04609375 0.15546875
0 0.271875 0.69140625 0.07734375 0.07578125
0 0.11171875 0.76328125 0.121875 0.1359375