1 0.28203125 0.86953125 0.44140625 0.25859375
5 0.70078125 0.51328125 0.28828125 0.53828125
0 0.83359375 0.7375 0.32890625 0.503125
5 0.13984375 0.553125 0.178125 0.54921875
5 0.69375 0.28515625 0.0765625 0.22890625
5 0.434375 0.29609375 0.11640625 0.2125
0 0.2046875 0.51875 0.071875 0.20234375
5 0.75390625 0.209375 0.0546875 0.0828125
5 0.0796875 0.66328125 0.159375 0.665625
5 0.7578125 0.6421875 0.478125 0.69453125
5 0.4890625 0.27890625 0.07421875 0.1890625
5 0.57109375 0.24765625 0.1015625 0.140625
5 0.8140625 0.28515625 0.10078125 0.2125
5 0.38515625 0.36953125 0.1984375 0.3234375
5 0.2765625 0.4390625 0.171875 0.3953125