1 0.4578125 0.66328125 0.2109375 0.31484375
5 0.48125 0.61015625 0.11328125 0.26328125
6 0.071875 0.77421875 0.1421875 0.29609375
5 0.2546875 0.52890625 0.071875 0.1203125
5 0.58125 0.58203125 0.090625 0.22109375
5 0.31796875 0.59453125 0.14375 0.2375
5 0.7359375 0.621875 0.1375 0.47578125
0 0.29609375 0.74296875 0.1671875 0.25625
5 0.3125 0.37890625 0.0375 0.16953125
3 0.32578125 0.88671875 0.3484375 0.21484375
0 0.60625 0.7015625 0.11015625 0.24609375
5 0.69765625 0.8375 0.26640625 0.31328125
0 0.49375 0.77734375 0.1375 0.27265625