1 0.3859375 0.421875 0.1796875 0.15546875
0 0.62890625 0.48046875 0.05078125 0.0875
5 0.225 0.3375 0.0609375 0.10078125
5 0.07109375 0.33828125 0.040625 0.09921875
5 0.1296875 0.35546875 0.1515625 0.22578125
5 0.97109375 0.359375 0.0578125 0.17421875
0 0.90625 0.8703125 0.1859375 0.24453125
5 0.93203125 0.42109375 0.1046875 0.25625
0 0.14453125 0.4671875 0.11328125 0.17578125
0 0.19375 0.86640625 0.2390625 0.24921875
0 0.11796875 0.64453125 0.10546875 0.2109375
3 0.359375 0.32265625 0.0796875 0.08046875
5 0.33671875 0.2578125 0.10078125 0.2078125
5 0.321875 0.6703125 0.3453125 0.6265625
5 0.50703125 0.42265625 0.19921875 0.3265625
5 0.81171875 0.6328125 0.3515625 0.70859375