1 0.56171875 0.95078125 0.26484375 0.0953125
5 0.63125 0.62578125 0.1171875 0.41171875
5 0.1375 0.61796875 0.178125 0.31328125
0 0.47578125 0.7484375 0.1453125 0.24921875
0 0.36875 0.675 0.0921875 0.18125
5 0.39375 0.55078125 0.09296875 0.2578125
5 0.57734375 0.37109375 0.08125 0.24765625
5 0.4921875 0.628125 0.14453125 0.3015625
5 0.65625 0.35 0.08203125 0.17265625
3 0.91640625 0.6875 0.10859375 0.1359375
0 0.68046875 0.63359375 0.0859375 0.19921875
5 0.521875 0.375 0.09453125 0.2578125
5 0.5640625 0.48125 0.0640625 0.13359375
5 0.709375 0.459375 0.09765625 0.48046875
5 0.31796875 0.5171875 0.0671875 0.4234375
5 0.8296875 0.77421875 0.21953125 0.38984375
5 0.4140625 0.43046875 0.07421875 0.24296875
0 0.82109375 0.88828125 0.2390625 0.21484375