1 0.49921875 0.728125 0.35078125 0.16953125
5 0.83671875 0.61640625 0.0484375 0.1109375
5 0.8109375 0.675 0.065625 0.17890625
0 0.5171875 0.9296875 0.12421875 0.1375
5 0.91484375 0.77421875 0.07734375 0.18125
0 0.3859375 0.9515625 0.14453125 0.090625
6 0.86015625 0.4625 0.0953125 0.12578125
0 0.73203125 0.7734375 0.03984375 0.06328125
0 0.4875 0.84296875 0.08671875 0.0953125
5 0.840625 0.82890625 0.12109375 0.20234375
5 0.75390625 0.68828125 0.0546875 0.2078125
0 0.69765625 0.89921875 0.08125 0.17265625
0 0.61796875 0.91640625 0.09453125 0.1609375
6 0.43984375 0.41484375 0.15546875 0.25625
5 0.15703125 0.77265625 0.1875 0.440625