1 0.4265625 0.7953125 0.84375 0.403125
0 0.55234375 0.45 0.05 0.028125
0 0.278125 0.37734375 0.0390625 0.0265625
5 0.928125 0.903125 0.14140625 0.1921875
0 0.41328125 0.4078125 0.03828125 0.0359375
0 0.0453125 0.43828125 0.08515625 0.1375
0 0.4125 0.5828125 0.09296875 0.1546875
0 0.2375 0.44453125 0.0828125 0.0984375
0 0.29296875 0.45234375 0.071875 0.078125
4 0.075 0.86015625 0.0765625 0.0359375
0 0.44609375 0.41328125 0.046875 0.04296875
0 0.3 0.39609375 0.05859375 0.0359375
0 0.5015625 0.425 0.046875 0.046875
5 0.7921875 0.6 0.4109375 0.7875
3 0.4734375 0.9 0.35234375 0.1984375