1 0.4171875 0.9328125 0.3 0.13359375
0 0.96953125 0.63203125 0.0609375 0.21484375
3 0.36640625 0.4234375 0.0625 0.07890625
0 0.68671875 0.84453125 0.190625 0.17890625
0 0.27734375 0.621875 0.05625 0.075
0 0.7140625 0.72265625 0.15703125 0.10703125
0 0.69609375 0.93359375 0.290625 0.121875
0 0.98046875 0.78515625 0.0390625 0.096875
0 0.62265625 0.5796875 0.11796875 0.184375
5 0.63203125 0.403125 0.09375 0.1828125
0 0.35 0.64140625 0.09765625 0.0734375
0 0.57890625 0.703125 0.13125 0.12265625
0 0.871875 0.60703125 0.14453125 0.19765625
5 0.95234375 0.43203125 0.0953125 0.2046875
0 0.740625 0.59765625 0.13125 0.19609375
0 0.8765625 0.759375 0.17265625 0.11875
5 0.71953125 0.41484375 0.121875 0.19453125
5 0.52890625 0.403125 0.10625 0.1625
3 0.8796875 0.4796875 0.10546875 0.0953125
0 0.8890625 0.90078125 0.221875 0.1875
0 0.44453125 0.671875 0.10859375 0.10546875
3 0.43671875 0.84609375 0.33671875 0.2578125
5 0.44296875 0.39453125 0.0984375 0.15703125
5 0.175 0.56015625 0.35 0.73359375