1 0.178125 0.81875 0.35625 0.34453125
0 0.18984375 0.54609375 0.0625 0.03515625
0 0.59765625 0.5671875 0.0390625 0.03515625
0 0.621875 0.58125 0.0609375 0.02265625
0 0.04453125 0.6171875 0.0890625 0.0953125
0 0.3234375 0.6921875 0.05546875 0.0359375
0 0.725 0.584375 0.07265625 0.02421875
0 0.1859375 0.67265625 0.09140625 0.04375
6 0.3546875 0.46875 0.059375 0.0296875
0 0.2609375 0.64375 0.1234375 0.1125
0 0.64375 0.7015625 0.146875 0.165625
0 0.159375 0.628125 0.10625 0.096875
5 0.44609375 0.67421875 0.33359375 0.64765625