1 0.365625 0.78671875 0.31640625 0.4234375
0 0.80859375 0.690625 0.09765625 0.20078125
5 0.9375 0.65390625 0.125 0.25
0 0.49453125 0.5640625 0.07734375 0.1140625
5 0.934375 0.51640625 0.12890625 0.33515625
5 0.478125 0.49765625 0.1203125 0.2109375
5 0.7234375 0.484375 0.08984375 0.23125
5 0.4140625 0.4796875 0.08984375 0.209375
5 0.57734375 0.53984375 0.1359375 0.3265625
5 0.27578125 0.46640625 0.07734375 0.33203125
0 0.67734375 0.60390625 0.10625 0.2359375
5 0.790625 0.58515625 0.196875 0.42578125