1 0.603125 0.7984375 0.790625 0.40078125
5 0.2703125 0.4453125 0.0671875 0.07578125
5 0.2171875 0.465625 0.0484375 0.06640625
5 0.82109375 0.4625 0.03125 0.09921875
3 0.12421875 0.50390625 0.07421875 0.06796875
5 0.0734375 0.4703125 0.065625 0.1078125
0 0.08203125 0.7296875 0.1640625 0.30078125
5 0.740625 0.47265625 0.046875 0.10703125
0 0.43203125 0.56328125 0.04375 0.071875
5 0.8609375 0.45546875 0.05859375 0.078125
0 0.22578125 0.81796875 0.1484375 0.3640625
5 0.784375 0.4671875 0.0625 0.12734375
5 0.1578125 0.4234375 0.0828125 0.1390625
5 0.36875 0.6671875 0.3203125 0.665625
5 0.684375 0.4765625 0.121875 0.171875