1 0.77734375 0.66640625 0.44453125 0.34609375
5 0.87265625 0.4265625 0.065625 0.0921875
5 0.521875 0.49921875 0.0421875 0.18125
5 0.7671875 0.4546875 0.0375 0.08359375
5 0.725 0.45078125 0.0578125 0.09609375
5 0.5640625 0.50234375 0.0609375 0.18515625
5 0.66640625 0.43984375 0.0671875 0.11484375
5 0.12109375 0.565625 0.0609375 0.31875
0 0.5453125 0.63046875 0.0921875 0.11953125
5 0.28203125 0.52734375 0.0890625 0.234375
5 0.95546875 0.6109375 0.0890625 0.475
5 0.3953125 0.559375 0.0765625 0.3453125
5 0.08125 0.59765625 0.10859375 0.41640625
5 0.46875 0.5796875 0.08984375 0.39453125