1 0.6578125 0.83828125 0.67109375 0.2796875
5 0.0453125 0.4984375 0.090625 0.1015625
6 0.93671875 0.48046875 0.0921875 0.10703125
3 0.571875 0.61484375 0.1890625 0.21328125
3 0.36015625 0.7515625 0.09765625 0.1171875
2 0.81171875 0.7796875 0.140625 0.06015625
4 0.4796875 0.9390625 0.053125 0.05078125
5 0.8734375 0.7140625 0.253125 0.5640625
5 0.484375 0.59375 0.1109375 0.28125
6 0.2 0.70390625 0.24921875 0.290625
6 0.740625 0.62734375 0.11796875 0.18984375
3 0.5484375 0.821875 0.221875 0.2171875
2 0.23046875 0.946875 0.30859375 0.10390625