1 0.49921875 0.6953125 0.9984375 0.60859375
3 0.89765625 0.309375 0.125 0.053125
2 0.05859375 0.56875 0.1171875 0.0625
0 0.8 0.25546875 0.0640625 0.0203125
0 0.6140625 0.27421875 0.0640625 0.040625
5 0.87421875 0.2515625 0.1296875 0.0734375
4 0.20703125 0.659375 0.15078125 0.04765625
3 0.83515625 0.49375 0.13203125 0.1859375
5 0.08046875 0.30546875 0.1578125 0.1921875
5 0.36796875 0.221875 0.0921875 0.04765625
6 0.334375 0.3265625 0.42265625 0.16484375
4 0.76015625 0.6375 0.13671875 0.03828125
5 0.91015625 0.57421875 0.1765625 0.3046875
3 0.64453125 0.3875 0.2078125 0.06328125
3 0.12421875 0.51171875 0.24765625 0.2515625
5 0.69375 0.2984375 0.303125 0.196875
3 0.65 0.69453125 0.5859375 0.35078125