1 0.2625 0.8 0.43046875 0.37265625
0 0.36640625 0.43203125 0.03125 0.04453125
0 0.96328125 0.70390625 0.0734375 0.2484375
0 0.28046875 0.5375 0.1125 0.16953125
0 0.24609375 0.57578125 0.046875 0.10703125
0 0.7875 0.52109375 0.046875 0.04140625
0 0.38984375 0.59453125 0.09375 0.165625
5 0.965625 0.37890625 0.0671875 0.078125
0 0.6328125 0.590625 0.0953125 0.2125
5 0.6484375 0.36796875 0.04296875 0.053125
0 0.84375 0.80234375 0.19375 0.38828125
5 0.81796875 0.390625 0.05546875 0.08828125
0 0.43046875 0.8265625 0.0984375 0.34375
3 0.45546875 0.47578125 0.0578125 0.07421875
5 0.528125 0.54453125 0.13125 0.33828125
5 0.621875 0.4671875 0.08671875 0.21640625
5 0.471875 0.41875 0.0734375 0.1234375
0 0.8671875 0.48828125 0.06640625 0.05234375
0 0.53984375 0.61875 0.13984375 0.20703125
0 0.72421875 0.5046875 0.0828125 0.1234375