1 0.7921875 0.6078125 0.24140625 0.20859375
5 0.21015625 0.63359375 0.0875 0.315625
5 0.9515625 0.6125 0.096875 0.6875
5 0.63359375 0.5515625 0.07109375 0.203125
5 0.56328125 0.46640625 0.05859375 0.14765625
0 0.46953125 0.84375 0.17265625 0.309375
5 0.571875 0.653125 0.13984375 0.3890625
5 0.3109375 0.571875 0.08671875 0.18203125
5 0.42734375 0.48984375 0.04765625 0.16328125
5 0.671875 0.45 0.103125 0.40625
5 0.17734375 0.4546875 0.10234375 0.3921875
5 0.3765625 0.51328125 0.0921875 0.19609375
5 0.2796875 0.7484375 0.1859375 0.47578125
0 0.22578125 0.8890625 0.1921875 0.215625