1 0.50390625 0.77265625 0.9125 0.4546875
0 0.784375 0.640625 0.10859375 0.06796875
3 0.43046875 0.4484375 0.0578125 0.05625
3 0.7203125 0.4671875 0.084375 0.07265625
0 0.43671875 0.62109375 0.134375 0.1796875
6 0.0703125 0.13515625 0.1390625 0.265625
3 0.0671875 0.5328125 0.13359375 0.1390625
0 0.7390625 0.5828125 0.08515625 0.1734375
3 0.31875 0.50859375 0.14140625 0.134375
3 0.4890625 0.49921875 0.140625 0.10546875
3 0.6421875 0.478125 0.103125 0.08046875
4 0.89765625 0.7265625 0.07421875 0.0390625
3 0.3375 0.79609375 0.5328125 0.4078125
3 0.9140625 0.60078125 0.171875 0.18359375
4 0.66328125 0.8703125 0.09375 0.05859375
3 0.70390625 0.6890625 0.35546875 0.303125