1 0.55078125 0.78203125 0.6484375 0.434375
6 0.57578125 0.403125 0.1765625 0.1921875
5 0.17890625 0.39921875 0.03984375 0.0484375
5 0.47734375 0.3296875 0.0578125 0.0890625
6 0.559375 0.290625 0.0875 0.08203125
5 0.85234375 0.3546875 0.171875 0.30703125
5 0.240625 0.37890625 0.040625 0.02578125
5 0.3546875 0.35 0.0375 0.040625
6 0.07109375 0.48984375 0.0984375 0.14921875
6 0.6828125 0.26875 0.10234375 0.1265625
6 0.39140625 0.33203125 0.07109375 0.0703125
6 0.26953125 0.46640625 0.115625 0.14375
2 0.4546875 0.62578125 0.153125 0.05078125
6 0.48125 0.46328125 0.18125 0.20234375
6 0.85 0.21875 0.12578125 0.121875
0 0.10859375 0.8546875 0.1296875 0.2796875
5 0.70546875 0.35703125 0.121875 0.2140625
0 0.321875 0.878125 0.309375 0.234375
5 0.18125 0.66171875 0.153125 0.40390625
0 0.6703125 0.86953125 0.34296875 0.25859375
5 0.409375 0.71875 0.33671875 0.52265625