1 0.25078125 0.81953125 0.5015625 0.3578125
0 0.56796875 0.49296875 0.05390625 0.053125
6 0.625 0.4421875 0.06640625 0.084375
6 0.69140625 0.4875 0.071875 0.0796875
0 0.3265625 0.60078125 0.059375 0.1
4 0.54765625 0.78203125 0.0359375 0.0375
6 0.334375 0.4375 0.0765625 0.08046875
5 0.7390625 0.7109375 0.27265625 0.33359375
0 0.853125 0.946875 0.290625 0.10390625
4 0.190625 0.78203125 0.0359375 0.02734375
0 0.9171875 0.59453125 0.12890625 0.1234375
6 0.075 0.659375 0.15 0.2046875
0 0.69765625 0.90859375 0.21171875 0.1796875
2 0.07890625 0.79609375 0.1578125 0.0484375
0 0.571875 0.58671875 0.06171875 0.12890625