1 0.52265625 0.58203125 0.4078125 0.17578125
5 0.496875 0.51328125 0.04296875 0.040625
5 0.72265625 0.4734375 0.04296875 0.08203125
5 0.30390625 0.4078125 0.03125 0.03828125
5 0.690625 0.45234375 0.03046875 0.0578125
5 0.109375 0.44765625 0.040625 0.07578125
5 0.1015625 0.50625 0.0703125 0.14140625
5 0.146875 0.44453125 0.0296875 0.07578125
5 0.6875 0.57421875 0.0859375 0.159375
3 0.5640625 0.53359375 0.03515625 0.046875
6 0.509375 0.2265625 0.1265625 0.14453125
0 0.70859375 0.61171875 0.090625 0.17265625
0 0.39140625 0.60703125 0.0859375 0.2
5 0.84296875 0.6171875 0.128125 0.44453125
0 0.0734375 0.56484375 0.10859375 0.19140625
0 0.4984375 0.6421875 0.08125 0.19140625
0 0.6046875 0.62578125 0.09296875 0.19296875
0 0.3375 0.5671875 0.08125 0.17578125