1 0.10859375 0.68515625 0.2125 0.325
5 0.36875 0.42734375 0.053125 0.159375
3 0.0171875 0.54140625 0.034375 0.1109375
5 0.328125 0.31484375 0.0171875 0.06171875
0 0.48359375 0.4640625 0.028125 0.08203125
6 0.30390625 0.4015625 0.0375 0.059375
0 0.01484375 0.8109375 0.0265625 0.05078125
0 0.575 0.565625 0.06953125 0.165625
0 0.5984375 0.6203125 0.08515625 0.05546875
0 0.21171875 0.9078125 0.04375 0.17578125
5 0.53046875 0.38359375 0.0359375 0.19453125
0 0.2140625 0.5296875 0.0265625 0.0984375
6 0.1 0.534375 0.06640625 0.1125
5 0.50625 0.38984375 0.025 0.1984375
0 0.74296875 0.55234375 0.0390625 0.16796875
5 0.54375 0.51328125 0.08671875 0.27421875
0 0.40390625 0.60703125 0.0578125 0.2375
6 0.9015625 0.48125 0.04375 0.10390625
5 0.85078125 0.571875 0.09296875 0.37421875
0 0.3109375 0.50546875 0.0609375 0.16796875
5 0.7875 0.75546875 0.15703125 0.4765625
0 0.14921875 0.69609375 0.1375 0.25546875
0 0.57890625 0.8203125 0.1328125 0.3515625
0 0.640625 0.534375 0.078125 0.1984375
0 0.47890625 0.62265625 0.07734375 0.23125
0 0.74296875 0.85703125 0.15703125 0.278125