1 0.49296875 0.71875 0.9546875 0.50625
0 0.44609375 0.44609375 0.028125 0.159375
0 0.9296875 0.609375 0.140625 0.36796875
5 0.753125 0.2640625 0.17265625 0.20390625
0 0.7640625 0.78359375 0.3578125 0.41875
5 0.1109375 0.47890625 0.221875 0.5203125
5 0.7359375 0.32265625 0.14453125 0.18671875
5 0.428125 0.33046875 0.08125 0.2921875
0 0.690625 0.90546875 0.2390625 0.1765625
5 0.7296875 0.6140625 0.27421875 0.4453125
5 0.603125 0.35703125 0.14453125 0.20546875
5 0.5515625 0.3796875 0.215625 0.2875
5 0.35625 0.278125 0.1078125 0.40078125
0 0.33671875 0.4859375 0.1125 0.21328125