1 0.496875 0.68046875 0.42109375 0.63671875
0 0.95703125 0.9390625 0.0859375 0.1125
3 0.81953125 0.10234375 0.0765625 0.1109375
2 0.56953125 0.55625 0.1328125 0.13203125
5 0.39375 0.50859375 0.47578125 0.8859375
5 0.9046875 0.075 0.10234375 0.14921875
5 0.80546875 0.13671875 0.146875 0.24765625
5 0.68828125 0.253125 0.3015625 0.28125
6 0.4671875 0.303125 0.1359375 0.19921875
6 0.7234375 0.17265625 0.10625 0.15546875
0 0.303125 0.77421875 0.3 0.43046875
5 0.73984375 0.6671875 0.44453125 0.6453125