1 0.521875 0.7390625 0.28203125 0.2875
5 0.56484375 0.63125 0.11640625 0.20703125
5 0.20625 0.66328125 0.0859375 0.3296875
5 0.43671875 0.646875 0.109375 0.2328125
0 0.4328125 0.8265625 0.1265625 0.28515625
0 0.74296875 0.61953125 0.06328125 0.1328125
5 0.14921875 0.65 0.0953125 0.38125
0 0.77421875 0.7328125 0.0640625 0.21484375
5 0.7203125 0.5703125 0.1015625 0.2265625
6 0.97421875 0.47578125 0.0515625 0.053125
5 0.63125 0.54296875 0.075 0.16640625
0 0.55546875 0.84609375 0.13359375 0.2734375
5 0.82421875 0.5140625 0.0625 0.2484375
0 0.690625 0.79609375 0.13984375 0.26171875