1 0.43125 0.81015625 0.803125 0.365625
6 0.5328125 0.240625 0.0765625 0.08046875
5 0.89453125 0.33046875 0.140625 0.12734375
6 0.90546875 0.69921875 0.18671875 0.1875
5 0.3859375 0.2796875 0.134375 0.15859375
0 0.22734375 0.928125 0.44609375 0.14296875
6 0.184375 0.565625 0.28203125 0.2484375
0 0.36171875 0.3296875 0.10078125 0.09375
5 0.2875 0.7421875 0.54765625 0.515625
6 0.89375 0.46484375 0.20234375 0.16953125
4 0.50625 0.80859375 0.0359375 0.04921875
3 0.184375 0.5625 0.2828125 0.23671875
6 0.62578125 0.24609375 0.078125 0.08046875
3 0.4484375 0.6109375 0.196875 0.25234375