1 0.3546875 0.50625 0.415625 0.2515625
5 0.034375 0.3640625 0.06171875 0.103125
5 0.80234375 0.334375 0.05 0.11953125
0 0.51640625 0.5296875 0.09296875 0.19140625
5 0.496875 0.37578125 0.03984375 0.1109375
5 0.6328125 0.375 0.040625 0.078125
5 0.45390625 0.371875 0.053125 0.146875
0 0.034375 0.5953125 0.06875 0.178125
5 0.37421875 0.38125 0.0609375 0.0953125
0 0.2453125 0.4671875 0.05859375 0.1078125
5 0.840625 0.346875 0.0421875 0.0765625
0 0.1109375 0.67734375 0.14375 0.20078125
0 0.85546875 0.45859375 0.0609375 0.11484375
0 0.365625 0.51796875 0.0640625 0.15078125
0 0.5890625 0.48125 0.075 0.12890625
0 0.66171875 0.4890625 0.08515625 0.1390625
5 0.915625 0.34765625 0.0546875 0.16640625
0 0.796875 0.44921875 0.0625 0.11171875
0 0.9046875 0.44609375 0.059375 0.12109375
5 0.95390625 0.384375 0.0609375 0.196875
0 0.43671875 0.546875 0.1 0.18203125