1 0.5984375 0.69296875 0.2046875 0.3078125
5 0.5046875 0.40078125 0.0375 0.10234375
6 0.29609375 0.31796875 0.0515625 0.0640625
0 0.97109375 0.5875 0.0578125 0.1890625
0 0.08125 0.728125 0.1625 0.36484375
5 0.559375 0.39921875 0.0328125 0.0984375
5 0.0390625 0.4859375 0.0625 0.19296875
5 0.3578125 0.5203125 0.14453125 0.29140625
5 0.453125 0.47265625 0.0921875 0.24296875
5 0.2546875 0.575 0.21015625 0.38203125
5 0.946875 0.4609375 0.10546875 0.28125
6 0.821875 0.31953125 0.0421875 0.08359375
5 0.15234375 0.609375 0.17578125 0.4421875
5 0.8453125 0.4671875 0.13203125 0.5296875