1 0.646875 0.44453125 0.28046875 0.1640625
0 0.821875 0.37578125 0.0609375 0.071875
0 0.48515625 0.35625 0.10546875 0.05625
3 0.303125 0.4828125 0.06171875 0.078125
5 0.64375 0.3984375 0.08984375 0.25
3 0.96953125 0.44921875 0.0609375 0.05703125
3 0.9 0.415625 0.0703125 0.07265625
5 0.0640625 0.49921875 0.1140625 0.37109375
5 0.7046875 0.41875 0.09296875 0.259375
0 0.034375 0.5921875 0.06875 0.215625
5 0.20234375 0.559375 0.17578125 0.41015625
3 0.95859375 0.7359375 0.0828125 0.221875
5 0.97109375 0.31796875 0.0578125 0.13046875
0 0.39453125 0.84140625 0.2421875 0.3171875
0 0.159375 0.68125 0.159375 0.29921875
3 0.5921875 0.5765625 0.096875 0.13515625
5 0.80625 0.7625 0.3609375 0.47265625
6 0.31875 0.2484375 0.1984375 0.23828125
5 0.44453125 0.68828125 0.28125 0.61875