1 0.6234375 0.45234375 0.73828125 0.24375
5 0.15546875 0.36015625 0.03828125 0.07421875
5 0.14765625 0.4078125 0.09375 0.165625
5 0.59609375 0.4890625 0.14140625 0.209375
0 0.2234375 0.7640625 0.18828125 0.459375
0 0.1578125 0.48359375 0.084375 0.12890625
0 0.57734375 0.55078125 0.1046875 0.08828125
5 0.3484375 0.4921875 0.10625 0.24765625
5 0.28984375 0.5140625 0.17265625 0.22890625
0 0.3109375 0.790625 0.15234375 0.40859375
0 0.0875 0.7125 0.125 0.41953125
0 0.79140625 0.7953125 0.21953125 0.4078125
5 0.59375 0.7171875 0.415625 0.52734375
5 0.53984375 0.275 0.10546875 0.14609375
5 0.0625 0.365625 0.1 0.275
0 0.5421875 0.8296875 0.37421875 0.3359375
5 0.4625 0.409375 0.1640625 0.4125