1 0.86328125 0.6203125 0.20703125 0.3375
0 0.51875 0.42265625 0.04609375 0.0671875
0 0.5609375 0.571875 0.0921875 0.05
0 0.17109375 0.515625 0.028125 0.1015625
0 0.05078125 0.80625 0.1 0.3609375
0 0.7 0.478125 0.05078125 0.14375
0 0.34765625 0.625 0.1 0.33984375
0 0.06640625 0.5890625 0.1078125 0.1625
0 0.15703125 0.65546875 0.07109375 0.27890625
0 0.6453125 0.5234375 0.07734375 0.15546875
0 0.88125 0.64375 0.1171875 0.284375
0 0.71953125 0.78828125 0.109375 0.40625
0 0.471875 0.753125 0.146875 0.309375
0 0.2484375 0.7125 0.11015625 0.27890625
0 0.61484375 0.84375 0.14765625 0.30390625
0 0.2046875 0.8875 0.15546875 0.165625