1 0.73515625 0.6890625 0.52734375 0.61953125
6 0.73125 0.178125 0.390625 0.35546875
5 0.93984375 0.93125 0.1203125 0.134375
0 0.08515625 0.6296875 0.1703125 0.415625
0 0.29453125 0.35625 0.096875 0.15
3 0.86171875 0.86015625 0.2296875 0.2796875
6 0.3796875 0.565625 0.1140625 0.2796875
5 0.23359375 0.36484375 0.11015625 0.2265625
0 0.1234375 0.3609375 0.05546875 0.1109375
5 0.0515625 0.35 0.1015625 0.21484375
0 0.94140625 0.5515625 0.1171875 0.41796875
0 0.815625 0.446875 0.128125 0.32578125
3 0.24453125 0.81640625 0.29765625 0.3671875
5 0.18359375 0.490625 0.23828125 0.39609375