1 0.71796875 0.8015625 0.56171875 0.3953125
5 0.10546875 0.28671875 0.025 0.07734375
2 0.93046875 0.6234375 0.1390625 0.14296875
5 0.23671875 0.33125 0.0515625 0.0640625
5 0.04375 0.34375 0.046875 0.115625
5 0.61875 0.33828125 0.04296875 0.065625
0 0.03984375 0.4921875 0.05546875 0.21328125
0 0.7984375 0.45546875 0.10859375 0.1578125
5 0.325 0.309375 0.053125 0.14296875
5 0.49296875 0.3109375 0.04375 0.175
6 0.25859375 0.42578125 0.08984375 0.10390625
5 0.659375 0.30546875 0.16015625 0.32734375
5 0.54921875 0.31953125 0.0421875 0.2015625
5 0.1703125 0.2890625 0.05078125 0.10234375
5 0.59453125 0.28046875 0.04609375 0.14921875
5 0.09375 0.4109375 0.06875 0.19140625
5 0.1703125 0.4328125 0.1109375 0.16484375
5 0.934375 0.25703125 0.07109375 0.29453125
6 0.63046875 0.55859375 0.21171875 0.23515625
6 0.36640625 0.45234375 0.10078125 0.1546875
0 0.56953125 0.871875 0.2625 0.2421875
2 0.35625 0.5921875 0.1234375 0.07734375
5 0.87109375 0.49453125 0.14453125 0.31953125
5 0.43671875 0.34375 0.07421875 0.2671875
5 0.634375 0.69453125 0.28515625 0.48359375
0 0.19609375 0.73828125 0.24140625 0.515625