1 0.5359375 0.6953125 0.30625 0.253125
3 0.55546875 0.55 0.03125 0.0421875
0 0.68828125 0.821875 0.115625 0.3203125
0 0.33515625 0.72421875 0.13984375 0.25625
3 0.409375 0.56171875 0.04375 0.0515625
5 0.540625 0.52421875 0.0484375 0.07578125
3 0.60859375 0.5796875 0.0515625 0.0640625
5 0.496875 0.51484375 0.04609375 0.08671875
3 0.1234375 0.6359375 0.12109375 0.0984375
0 0.26484375 0.5890625 0.05625 0.1125
3 0.4359375 0.5734375 0.05390625 0.06015625
5 0.41328125 0.50625 0.0421875 0.0734375
5 0.66015625 0.459375 0.03125 0.08359375
5 0.56953125 0.4765625 0.03828125 0.08359375
6 0.21015625 0.50703125 0.06953125 0.08359375
5 0.74921875 0.54921875 0.075 0.1578125
5 0.68671875 0.6125 0.15 0.28828125
5 0.3765625 0.61484375 0.1265625 0.29296875
5 0.1078125 0.6625 0.215625 0.36171875
5 0.85625 0.56953125 0.1328125 0.415625