1 0.61015625 0.7671875 0.62578125 0.4640625
5 0.0125 0.24453125 0.02421875 0.26328125
3 0.659375 0.37421875 0.0484375 0.05703125
5 0.72265625 0.27421875 0.046875 0.10703125
3 0.09609375 0.78828125 0.17890625 0.20625
3 0.309375 0.33125 0.04296875 0.03671875
3 0.27109375 0.29609375 0.0421875 0.04375
0 0.11640625 0.48671875 0.0578125 0.07734375
3 0.8265625 0.67265625 0.20234375 0.07734375
5 0.484375 0.3921875 0.109375 0.328125
0 0.21015625 0.796875 0.228125 0.3734375
0 0.26171875 0.47109375 0.0625 0.1453125
5 0.70625 0.34609375 0.0984375 0.1390625
0 0.64375 0.51875 0.0453125 0.1625
5 0.3015625 0.21015625 0.0921875 0.1890625
5 0.396875 0.196875 0.0640625 0.1921875
3 0.38359375 0.32734375 0.0515625 0.05703125
5 0.546875 0.19375 0.0796875 0.14765625
5 0.33359375 0.26796875 0.075 0.14921875
5 0.91796875 0.28125 0.05078125 0.09921875
5 0.75625 0.30625 0.0828125 0.1609375
5 0.06796875 0.378125 0.10625 0.2359375
5 0.421875 0.40078125 0.10546875 0.29453125
5 0.58671875 0.4078125 0.103125 0.353125
3 0.69609375 0.40859375 0.090625 0.05859375
3 0.325 0.52890625 0.0921875 0.1578125
5 0.5390625 0.66171875 0.21484375 0.62109375
5 0.153125 0.64375 0.2859375 0.675
0 0.5328125 0.86328125 0.25703125 0.26796875
5 0.83671875 0.46015625 0.17578125 0.38828125
5 0.9 0.634375 0.19921875 0.71015625