1 0.54765625 0.80859375 0.82421875 0.3828125
0 0.946875 0.6390625 0.10625 0.3375
5 0.6203125 0.48828125 0.1671875 0.35703125
0 0.80390625 0.6484375 0.19140625 0.3046875
3 0.61328125 0.553125 0.146875 0.13125
5 0.9421875 0.41640625 0.1140625 0.1796875
3 0.509375 0.709375 0.2234375 0.09609375
5 0.8171875 0.403125 0.1390625 0.22265625
5 0.2578125 0.503125 0.1265625 0.33203125
3 0.43203125 0.47578125 0.11015625 0.103125
3 0.153125 0.840625 0.3 0.31875
2 0.6953125 0.92265625 0.55859375 0.15234375
5 0.103125 0.5171875 0.20234375 0.38828125