1 0.4828125 0.72734375 0.88671875 0.50234375
3 0.06953125 0.69140625 0.13671875 0.3171875
5 0.03203125 0.23203125 0.06328125 0.2203125
5 0.525 0.25546875 0.0671875 0.08828125
5 0.2171875 0.20703125 0.0890625 0.1765625
5 0.8078125 0.18515625 0.0984375 0.18828125
5 0.59609375 0.32578125 0.096875 0.32578125
5 0.86640625 0.30390625 0.1296875 0.3234375
5 0.4203125 0.3265625 0.12578125 0.365625
5 0.94140625 0.2796875 0.1171875 0.35390625
5 0.16953125 0.32890625 0.3390625 0.434375
5 0.528125 0.39375 0.1625 0.22578125
5 0.29609375 0.32578125 0.209375 0.39375
5 0.725 0.29765625 0.19453125 0.3890625