1 0.21171875 0.78828125 0.42265625 0.3203125
3 0.109375 0.6171875 0.134375 0.128125
5 0.54375 0.4765625 0.04765625 0.05390625
5 0.2671875 0.38984375 0.12109375 0.17265625
5 0.06015625 0.47421875 0.11796875 0.2578125
3 0.6515625 0.4515625 0.11796875 0.0796875
3 0.875 0.44609375 0.171875 0.10625
5 0.4640625 0.39765625 0.0984375 0.1578125
5 0.75078125 0.37421875 0.1234375 0.19609375
3 0.25625 0.44140625 0.08125 0.0640625
3 0.38359375 0.615625 0.1671875 0.11796875
3 0.071875 0.67578125 0.14375 0.14609375
5 0.93671875 0.359375 0.125 0.28515625
5 0.49921875 0.69765625 0.26640625 0.52265625