1 0.696875 0.79765625 0.5953125 0.38671875
4 0.6859375 0.671875 0.01953125 0.0203125
6 0.03125 0.5421875 0.0625 0.0953125
2 0.38984375 0.596875 0.04765625 0.03671875
6 0.2078125 0.42890625 0.1015625 0.09921875
6 0.10703125 0.43671875 0.0984375 0.0953125
3 0.2875 0.571875 0.1078125 0.07734375
6 0.39765625 0.53046875 0.0875 0.10078125
6 0.21953125 0.5296875 0.0796875 0.096875
4 0.7671875 0.7203125 0.021875 0.0265625
2 0.91796875 0.76328125 0.1109375 0.06328125
0 0.0609375 0.93828125 0.12109375 0.1140625
5 0.134375 0.61796875 0.19921875 0.33125
2 0.76328125 0.67734375 0.14140625 0.06328125
6 0.91015625 0.61328125 0.171875 0.22578125
0 0.53828125 0.7171875 0.25 0.278125
6 0.76484375 0.584375 0.1453125 0.18125
0 0.121875 0.784375 0.18671875 0.4
5 0.6265625 0.6203125 0.2421875 0.3734375