1 0.7390625 0.80078125 0.5046875 0.38671875
5 0.85859375 0.5703125 0.03125 0.1015625
5 0.5484375 0.61484375 0.0515625 0.09609375
5 0.8390625 0.72890625 0.1375 0.41640625
0 0.95234375 0.653125 0.03203125 0.0765625
5 0.515625 0.56953125 0.0375 0.115625
5 0.98203125 0.6546875 0.0359375 0.2109375
5 0.4609375 0.6625 0.08984375 0.25234375
5 0.72734375 0.61484375 0.12421875 0.18984375
5 0.2546875 0.7359375 0.11640625 0.3734375
0 0.39921875 0.871875 0.19140625 0.25625
3 0.6609375 0.7046875 0.09453125 0.09609375
5 0.13828125 0.75390625 0.1359375 0.3828125
5 0.478125 0.74453125 0.32890625 0.51015625