1 0.4703125 0.7640625 0.6 0.40390625
2 0.309375 0.71171875 0.0734375 0.0484375
2 0.53046875 0.853125 0.07421875 0.0546875
0 0.48828125 0.490625 0.025 0.03671875
6 0.88515625 0.81953125 0.17890625 0.3265625
0 0.16171875 0.93203125 0.21796875 0.13515625
0 0.83828125 0.62578125 0.128125 0.115625
6 0.3890625 0.565625 0.0578125 0.1
0 0.178125 0.81328125 0.1875 0.33984375
5 0.53046875 0.50078125 0.06328125 0.103125
5 0.1046875 0.54609375 0.07734375 0.2125
6 0.5453125 0.678125 0.1 0.2125
5 0.7 0.8984375 0.2421875 0.203125
5 0.59375 0.503125 0.09765625 0.15234375
5 0.21640625 0.703125 0.20625 0.4765625