1 0.6765625 0.7 0.253125 0.28125
0 0.64921875 0.5640625 0.04765625 0.02890625
6 0.615625 0.35703125 0.10859375 0.09140625
0 0.3390625 0.58984375 0.04765625 0.11953125
6 0.33515625 0.459375 0.01953125 0.04140625
0 0.23125 0.5375 0.0390625 0.08046875
5 0.42265625 0.5015625 0.0546875 0.05703125
5 0.84453125 0.5859375 0.11796875 0.21640625
0 0.59453125 0.66953125 0.103125 0.21328125
6 0.578125 0.478125 0.053125 0.06640625
0 0.4046875 0.6046875 0.0734375 0.1421875
0 0.69609375 0.72578125 0.1515625 0.25390625
0 0.478125 0.58984375 0.071875 0.13046875