1 0.79375 0.67421875 0.3828125 0.31640625
0 0.98828125 0.51875 0.0234375 0.071875
0 0.33984375 0.65546875 0.17578125 0.31875
0 0.4359375 0.6015625 0.1578125 0.25234375
3 0.78125 0.48828125 0.0921875 0.09140625
0 0.715625 0.4859375 0.04765625 0.0625
0 0.028125 0.45703125 0.05625 0.15625
5 0.53984375 0.415625 0.0890625 0.21484375
5 0.603125 0.446875 0.10859375 0.25625
5 0.4328125 0.34453125 0.1359375 0.2875
0 0.8734375 0.49375 0.09453125 0.07421875
5 0.78125 0.3265625 0.12890625 0.28359375
5 0.2921875 0.44296875 0.11875 0.484375
5 0.1546875 0.5515625 0.15546875 0.73046875
0 0.41875 0.7890625 0.21015625 0.421875
0 0.70546875 0.825 0.23359375 0.35
5 0.48515625 0.5375 0.2640625 0.4234375