1 0.3875 0.77421875 0.6625 0.45078125
5 0.028125 0.3625 0.0453125 0.103125
3 0.4640625 0.3515625 0.0421875 0.078125
5 0.4890625 0.234375 0.07109375 0.10390625
5 0.7375 0.18203125 0.0484375 0.0859375
5 0.56953125 0.30390625 0.11796875 0.18359375
5 0.940625 0.33515625 0.11796875 0.2640625
5 0.98359375 0.1375 0.0328125 0.1390625
5 0.43984375 0.225 0.05546875 0.11171875
0 0.89765625 0.2828125 0.1 0.0296875
5 0.05390625 0.39453125 0.0890625 0.15625
5 0.325 0.29921875 0.096875 0.13828125
5 0.6359375 0.30859375 0.16875 0.21640625
0 0.56171875 0.7 0.0828125 0.103125
0 0.73203125 0.4015625 0.07109375 0.04296875
5 0.34296875 0.50546875 0.1828125 0.2734375
5 0.4671875 0.5703125 0.1984375 0.31796875
5 0.20390625 0.590625 0.2578125 0.81875
0 0.71015625 0.8453125 0.28984375 0.30703125