1 0.57109375 0.5734375 0.18828125 0.23828125
5 0.40546875 0.4515625 0.04765625 0.1078125
5 0.4625 0.4125 0.06171875 0.10390625
0 0.03671875 0.8265625 0.0734375 0.28125
0 0.53359375 0.6375 0.034375 0.071875
5 0.596875 0.425 0.0796875 0.1234375
0 0.03046875 0.5890625 0.0609375 0.196875
0 0.5484375 0.5984375 0.06328125 0.15234375
0 0.7609375 0.8453125 0.271875 0.30703125
0 0.1890625 0.59296875 0.10234375 0.16796875
5 0.8984375 0.478125 0.09375 0.21640625
0 0.6453125 0.58515625 0.08125 0.2015625
3 0.121875 0.48046875 0.08984375 0.06484375
5 0.4578125 0.5515625 0.1328125 0.26171875
0 0.74375 0.5125 0.06640625 0.134375
5 0.159375 0.525 0.10546875 0.27578125
5 0.34453125 0.75 0.2921875 0.49765625
0 0.93515625 0.62578125 0.1296875 0.2203125