1 0.1359375 0.81171875 0.25625 0.303125
3 0.5515625 0.690625 0.05 0.07734375
0 0.3109375 0.7609375 0.04375 0.06328125
0 0.07890625 0.90078125 0.10546875 0.1859375
0 0.025 0.953125 0.05 0.0875
5 0.35625 0.596875 0.034375 0.0953125
0 0.5578125 0.640625 0.040625 0.071875
3 0.4359375 0.60859375 0.03125 0.03671875
0 0.84140625 0.69375 0.07734375 0.15546875
5 0.884375 0.57109375 0.03984375 0.1171875
5 0.840625 0.61015625 0.065625 0.1640625
0 0.04765625 0.83203125 0.09453125 0.13046875
5 0.73046875 0.60859375 0.0625 0.1453125
5 0.915625 0.48125 0.04375 0.07734375
5 0.490625 0.634375 0.0578125 0.159375
5 0.27109375 0.675 0.06328125 0.2109375
5 0.33125 0.66328125 0.07734375 0.14609375
0 0.75390625 0.8796875 0.1640625 0.23125
5 0.39375 0.7046875 0.13203125 0.2296875
0 0.36875 0.89140625 0.21015625 0.2078125
5 0.5421875 0.578125 0.0484375 0.08203125
0 0.55546875 0.940625 0.1828125 0.10703125
5 0.7078125 0.74296875 0.1203125 0.3703125
5 0.575 0.75625 0.1984375 0.31484375