1 0.2671875 0.67734375 0.5078125 0.59296875
5 0.44296875 0.29765625 0.0671875 0.175
5 0.82109375 0.3390625 0.059375 0.171875
5 0.978125 0.89453125 0.04296875 0.1984375
5 0.10859375 0.35234375 0.13984375 0.24296875
5 0.6703125 0.196875 0.10234375 0.23203125
5 0.4703125 0.23125 0.0625 0.29140625
5 0.77265625 0.19765625 0.08984375 0.18359375
5 0.065625 0.42734375 0.13125 0.3421875
5 0.51875 0.28671875 0.0625 0.3203125
5 0.71484375 0.4703125 0.196875 0.4234375
5 0.80078125 0.56328125 0.290625 0.53515625
5 0.61875 0.41015625 0.1953125 0.36171875
4 0.19921875 0.69296875 0.0390625 0.046875
3 0.1015625 0.58125 0.2015625 0.246875
5 0.2546875 0.33671875 0.146875 0.23203125