1 0.53203125 0.76015625 0.6984375 0.4421875
6 0.69375 0.5125 0.028125 0.040625
0 0.08671875 0.603125 0.0671875 0.184375
5 0.09921875 0.4921875 0.0421875 0.08515625
5 0.35546875 0.51171875 0.025 0.071875
0 0.0484375 0.57578125 0.0640625 0.14921875
5 0.49765625 0.4921875 0.0265625 0.05859375
5 0.26640625 0.47265625 0.0171875 0.02890625
6 0.259375 0.52109375 0.03125 0.05859375
5 0.69453125 0.46328125 0.02265625 0.05390625
5 0.16171875 0.565625 0.09453125 0.2125
5 0.475 0.52578125 0.04609375 0.09375
0 0.1328125 0.6359375 0.125 0.23828125
5 0.31796875 0.5046875 0.05390625 0.0890625
5 0.6078125 0.53515625 0.0671875 0.1421875
0 0.2375 0.69140625 0.14921875 0.325