1 0.4625 0.81640625 0.40625 0.2875
6 0.6921875 0.59609375 0.04765625 0.109375
6 0.9546875 0.509375 0.03046875 0.05234375
0 0.97421875 0.6765625 0.0515625 0.1734375
6 0.53203125 0.63828125 0.1 0.12578125
5 0.58203125 0.4625 0.0875 0.1953125
2 0.496875 0.76015625 0.1203125 0.07734375
6 0.63359375 0.6171875 0.0640625 0.12265625
6 0.43125 0.6640625 0.10859375 0.1375
6 0.34140625 0.71015625 0.09296875 0.196875
5 0.11875 0.70703125 0.096875 0.5796875
5 0.775 0.6703125 0.14453125 0.6484375
5 0.20703125 0.72890625 0.1109375 0.52734375
5 0.88046875 0.6625 0.12578125 0.66015625
0 0.64453125 0.8234375 0.2203125 0.34140625