1 0.3796875 0.765625 0.75859375 0.46796875
0 0.58515625 0.27890625 0.134375 0.08203125
0 0.98984375 0.33125 0.0203125 0.05859375
0 0.25546875 0.25625 0.08671875 0.06328125
0 0.6546875 0.72734375 0.1125 0.41953125
0 0.95 0.4578125 0.0609375 0.14375
0 0.04609375 0.3828125 0.0921875 0.25234375
0 0.640625 0.4109375 0.109375 0.17890625
3 0.1296875 0.2203125 0.078125 0.10234375
5 0.91484375 0.184375 0.1 0.2859375
5 0.44140625 0.2265625 0.21875 0.45
5 0.82890625 0.26640625 0.2171875 0.45859375
5 0.640625 0.125 0.078125 0.15078125
5 0.38359375 0.4703125 0.53125 0.7328125
3 0.1703125 0.6078125 0.309375 0.32734375
5 0.8140625 0.55859375 0.3328125 0.86796875
3 0.528125 0.8203125 0.428125 0.34765625