1 0.615625 0.79453125 0.528125 0.3453125
0 0.7109375 0.6234375 0.103125 0.1390625
0 0.965625 0.6578125 0.06875 0.22109375
0 0.415625 0.440625 0.06953125 0.0296875
5 0.36328125 0.49921875 0.109375 0.2984375
0 0.625 0.571875 0.0875 0.21484375
0 0.21171875 0.93046875 0.3609375 0.1390625
5 0.253125 0.44765625 0.103125 0.18984375
5 0.7140625 0.48984375 0.13984375 0.3515625
0 0.36640625 0.575 0.12890625 0.1703125
0 0.528125 0.63515625 0.1453125 0.06796875
5 0.84453125 0.52578125 0.1921875 0.36953125
5 0.259375 0.74609375 0.3296875 0.50234375
5 0.93046875 0.4390625 0.1328125 0.234375
5 0.17265625 0.459375 0.16328125 0.16796875
6 0.49765625 0.2796875 0.21171875 0.22421875
5 0.75625 0.771875 0.48515625 0.45078125
5 0.4109375 0.34140625 0.09375 0.18203125