1 0.3921875 0.709375 0.55 0.34609375
3 0.778125 0.84609375 0.14921875 0.1796875
5 0.9125 0.725 0.16875 0.3046875
3 0.8171875 0.70234375 0.11328125 0.09765625
5 0.08984375 0.61875 0.1796875 0.14453125
5 0.0515625 0.5078125 0.103125 0.28125
0 0.36171875 0.8125 0.1984375 0.24765625
3 0.19296875 0.65078125 0.07734375 0.08359375
5 0.86328125 0.6765625 0.2015625 0.303125
6 0.4453125 0.4265625 0.24609375 0.19921875
5 0.62578125 0.5984375 0.10234375 0.49609375
3 0.12578125 0.77578125 0.090625 0.125
3 0.521875 0.6546875 0.084375 0.05078125
3 0.0609375 0.53984375 0.06875 0.08203125
5 0.259375 0.5171875 0.0859375 0.2734375
5 0.78671875 0.54140625 0.0890625 0.3671875