1 0.5015625 0.753125 0.99375 0.490625
0 0.78203125 0.609375 0.13125 0.06640625
0 0.8015625 0.56875 0.115625 0.0828125
6 0.84453125 0.4640625 0.08984375 0.078125
5 0.08203125 0.521875 0.1640625 0.2984375
5 0.196875 0.44140625 0.06640625 0.1015625
5 0.534375 0.4546875 0.1109375 0.12890625
0 0.51171875 0.51328125 0.0859375 0.0578125
0 0.93359375 0.59296875 0.13046875 0.0921875
0 0.89921875 0.71015625 0.2015625 0.1984375
3 0.14296875 0.48515625 0.06484375 0.0765625
5 0.7609375 0.46953125 0.16015625 0.1359375
0 0.0640625 0.7796875 0.12734375 0.3
5 0.46328125 0.6890625 0.46328125 0.46015625
4 0.71328125 0.70546875 0.04453125 0.02421875
0 0.3 0.85234375 0.44140625 0.29296875
5 0.6234375 0.50625 0.3140625 0.16484375
5 0.2265625 0.5953125 0.2109375 0.3015625
3 0.6109375 0.61796875 0.24453125 0.1703125