1 0.68515625 0.8296875 0.575 0.33671875
5 0.0171875 0.359375 0.034375 0.1921875
0 0.34296875 0.546875 0.1296875 0.2328125
0 0.11875 0.67734375 0.13984375 0.353125
0 0.55703125 0.42109375 0.04765625 0.0953125
5 0.27734375 0.4109375 0.0921875 0.23828125
0 0.184375 0.49453125 0.06640625 0.10078125
0 0.984375 0.63671875 0.03125 0.1796875
5 0.0375 0.425 0.07421875 0.2765625
0 0.4171875 0.8453125 0.140625 0.3
5 0.3859375 0.39765625 0.11328125 0.1828125
5 0.1453125 0.39765625 0.1453125 0.26484375
0 0.80390625 0.52578125 0.05390625 0.2046875
5 0.725 0.3765625 0.0796875 0.190625
0 0.87109375 0.5890625 0.1328125 0.2328125
0 0.43125 0.49453125 0.06640625 0.14765625
0 0.50625 0.4390625 0.0734375 0.1171875
0 0.215625 0.81015625 0.2453125 0.3703125
5 0.53984375 0.71484375 0.31875 0.55625