1 0.4515625 0.66953125 0.3265625 0.5453125
5 0.271875 0.20703125 0.04296875 0.0546875
5 0.71171875 0.203125 0.05078125 0.1015625
5 0.2359375 0.4109375 0.1109375 0.1890625
0 0.18203125 0.465625 0.034375 0.0921875
3 0.325 0.47109375 0.1328125 0.13828125
0 0.1265625 0.4515625 0.06328125 0.234375
0 0.47734375 0.3140625 0.0765625 0.1328125
0 0.728125 0.6140625 0.1203125 0.43359375
5 0.42265625 0.33984375 0.13671875 0.1953125
5 0.31953125 0.3671875 0.10078125 0.1953125
5 0.6078125 0.3015625 0.0984375 0.16796875
5 0.73671875 0.3484375 0.10078125 0.2125
0 0.8359375 0.3265625 0.1015625 0.1859375
5 0.259375 0.59921875 0.26640625 0.44765625
0 0.06171875 0.55546875 0.1234375 0.31640625
5 0.6421875 0.48671875 0.21953125 0.359375
0 0.5890625 0.74765625 0.23515625 0.4375
0 0.2390625 0.80234375 0.284375 0.39296875