1 0.7078125 0.7671875 0.46484375 0.38671875
4 0.340625 0.99140625 0.06328125 0.0171875
3 0.7765625 0.67109375 0.10859375 0.13125
3 0.66484375 0.5375 0.103125 0.134375
6 0.48515625 0.49609375 0.0375 0.11171875
0 0.47109375 0.7171875 0.10234375 0.303125
6 0.66328125 0.5359375 0.09765625 0.13125
2 0.26875 0.7359375 0.1171875 0.05703125
4 0.28984375 0.8109375 0.03828125 0.02578125
0 0.6671875 0.93515625 0.1875 0.1296875
5 0.24921875 0.578125 0.16328125 0.19765625
5 0.771875 0.553125 0.2 0.24453125
5 0.94609375 0.425 0.0890625 0.209375
5 0.33125 0.6265625 0.24609375 0.3890625