1 0.49921875 0.8109375 0.9984375 0.375
0 0.4859375 0.34921875 0.046875 0.159375
0 0.440625 0.325 0.05390625 0.11484375
5 0.659375 0.24296875 0.0390625 0.07265625
5 0.4546875 0.2453125 0.02421875 0.04375
0 0.81875 0.421875 0.1 0.0765625
0 0.65546875 0.471875 0.103125 0.3125
6 0.89296875 0.12578125 0.0984375 0.140625
0 0.3640625 0.42109375 0.1578125 0.11640625
0 0.321875 0.33046875 0.0828125 0.0609375
0 0.49921875 0.52109375 0.0703125 0.35390625
0 0.9765625 0.4140625 0.046875 0.2
0 0.5734375 0.42109375 0.0765625 0.2203125
5 0.3125 0.24296875 0.0640625 0.128125
5 0.87578125 0.30546875 0.0984375 0.20859375
0 0.771875 0.5640625 0.16328125 0.25703125
3 0.365625 0.73515625 0.3546875 0.515625