1 0.4515625 0.57578125 0.8203125 0.1484375
3 0.82890625 0.5140625 0.0734375 0.03984375
0 0.55 0.73125 0.18671875 0.16796875
3 0.6609375 0.51015625 0.06171875 0.03515625
0 0.50546875 0.72578125 0.090625 0.1546875
0 0.3390625 0.73203125 0.209375 0.16171875
5 0.34296875 0.35546875 0.09296875 0.21328125
5 0.2046875 0.434375 0.0953125 0.128125
0 0.9171875 0.5515625 0.05078125 0.15625
0 0.1359375 0.9609375 0.1546875 0.071875
5 0.07109375 0.4875 0.12578125 0.26015625
5 0.85859375 0.50859375 0.08671875 0.26484375
0 0.81875 0.73671875 0.1640625 0.16484375
5 0.3359375 0.43203125 0.1109375 0.15625
5 0.65703125 0.43984375 0.0625 0.1265625
5 0.45625 0.4390625 0.09296875 0.13359375
5 0.759375 0.4484375 0.07734375 0.1234375
5 0.5578125 0.440625 0.1 0.13359375