1 0.6234375 0.70078125 0.721875 0.56796875
5 0.65546875 0.25234375 0.0875 0.24765625
5 0.0703125 0.296875 0.1171875 0.4171875
5 0.9765625 0.42109375 0.046875 0.1984375
5 0.33125 0.590625 0.234375 0.68984375
0 0.71484375 0.32109375 0.04296875 0.0984375
0 0.51171875 0.56875 0.05625 0.209375
0 0.37421875 0.37109375 0.06875 0.10390625
5 0.365625 0.21640625 0.09765625 0.184375
0 0.93046875 0.3 0.05078125 0.0703125
5 0.615625 0.44765625 0.2140625 0.43203125
5 0.19140625 0.3265625 0.1546875 0.29609375
0 0.9078125 0.471875 0.09453125 0.15703125
0 0.75859375 0.5078125 0.10625 0.190625
5 0.49921875 0.2921875 0.115625 0.2328125
5 0.78828125 0.26015625 0.115625 0.209375
5 0.87421875 0.2484375 0.09296875 0.20078125