1 0.63203125 0.821875 0.43671875 0.3546875
0 0.6265625 0.53046875 0.10859375 0.08359375
5 0.08828125 0.56640625 0.09296875 0.2375
0 0.3953125 0.52890625 0.08515625 0.06015625
0 0.97578125 0.63359375 0.04765625 0.1171875
5 0.05625 0.56640625 0.07890625 0.2609375
5 0.278125 0.48515625 0.103125 0.20625
5 0.9390625 0.44609375 0.08984375 0.20625
5 0.45 0.4703125 0.07734375 0.17265625
5 0.38125 0.45 0.08125 0.13359375
5 0.75625 0.5046875 0.1640625 0.31484375
5 0.3 0.378125 0.05859375 0.1828125
5 0.55859375 0.38515625 0.109375 0.3046875
5 0.8609375 0.715625 0.2734375 0.54453125
5 0.40703125 0.76171875 0.3265625 0.45859375
5 0.12890625 0.7265625 0.2515625 0.5390625