1 0.75859375 0.578125 0.121875 0.2171875
0 0.25703125 0.53828125 0.0484375 0.1015625
0 0.359375 0.53125 0.03125 0.03828125
0 0.4265625 0.4890625 0.025 0.0265625
0 0.3828125 0.50625 0.02734375 0.03515625
0 0.46171875 0.5796875 0.0359375 0.06484375
0 0.0828125 0.54296875 0.04375 0.03203125
0 0.134375 0.70625 0.08671875 0.2203125
0 0.8359375 0.54375 0.0609375 0.18046875
0 0.3015625 0.55859375 0.0359375 0.04296875
0 0.3953125 0.62265625 0.04765625 0.09140625
6 0.1765625 0.45234375 0.053125 0.06171875
0 0.2546875 0.83671875 0.1625 0.3171875
6 0.74921875 0.43125 0.03828125 0.08046875
0 0.3328125 0.80546875 0.21953125 0.37421875
6 0.0265625 0.48515625 0.053125 0.078125