1 0.31171875 0.61796875 0.3203125 0.33671875
0 0.2140625 0.453125 0.2171875 0.1625
5 0.6125 0.265625 0.0671875 0.1453125
0 0.71484375 0.296875 0.0640625 0.134375
5 0.90703125 0.2390625 0.02421875 0.07734375
0 0.603125 0.3 0.071875 0.134375
0 0.02578125 0.53203125 0.0515625 0.22421875
5 0.23515625 0.38828125 0.18125 0.24921875
0 0.83671875 0.34140625 0.08984375 0.18125
5 0.875 0.3078125 0.0765625 0.21640625
5 0.2171875 0.26796875 0.06875 0.1375
0 0.3234375 0.31953125 0.0859375 0.16953125
5 0.4828125 0.628125 0.35546875 0.45703125