1 0.24453125 0.7796875 0.3015625 0.37890625
0 0.89453125 0.8078125 0.209375 0.384375
5 0.74375 0.4625 0.059375 0.1234375
3 0.2921875 0.6234375 0.1578125 0.134375
5 0.74296875 0.58671875 0.17265625 0.30625
5 0.559375 0.62421875 0.1421875 0.2796875
3 0.63125 0.503125 0.0734375 0.0875
3 0.5078125 0.48515625 0.0703125 0.11875
3 0.06875 0.9109375 0.1375 0.17578125
0 0.14453125 0.603125 0.02734375 0.08046875
0 0.59921875 0.70859375 0.11640625 0.2265625
3 0.4640625 0.80234375 0.1640625 0.26796875
5 0.565625 0.446875 0.06875 0.12734375
5 0.35546875 0.5203125 0.08984375 0.225
5 0.20234375 0.5515625 0.12421875 0.18359375
5 0.95234375 0.4640625 0.0953125 0.25390625
0 0.7421875 0.72578125 0.165625 0.26171875
5 0.44375 0.478125 0.1140625 0.3765625
3 0.259375 0.759375 0.2359375 0.25546875