1 0.21484375 0.553125 0.4171875 0.16796875
0 0.1578125 0.41015625 0.0484375 0.09140625
5 0.17265625 0.34609375 0.0796875 0.09609375
5 0.10625 0.3765625 0.10234375 0.16171875
0 0.3890625 0.6625 0.14453125 0.259375
5 0.76484375 0.35 0.0640625 0.16171875
5 0.57109375 0.5 0.08671875 0.5
5 0.290625 0.3265625 0.04609375 0.15234375
5 0.0375 0.39765625 0.075 0.2515625
5 0.63203125 0.371875 0.05078125 0.0921875
0 0.62421875 0.53515625 0.06640625 0.17734375
0 0.7015625 0.5359375 0.08125 0.178125
5 0.37265625 0.3453125 0.096875 0.2578125
5 0.24375 0.37265625 0.14453125 0.21328125
5 0.82109375 0.396875 0.07734375 0.30625
0 0.10078125 0.77578125 0.2015625 0.4078125
5 0.4671875 0.496875 0.14765625 0.53515625
0 0.3140625 0.771875 0.215625 0.365625
5 0.921875 0.4125 0.09375 0.31015625