1 0.42109375 0.73046875 0.228125 0.3203125
5 0.084375 0.4390625 0.078125 0.190625
5 0.97578125 0.40078125 0.04765625 0.16171875
0 0.940625 0.58984375 0.103125 0.06015625
5 0.53359375 0.4171875 0.0734375 0.18515625
5 0.37578125 0.453125 0.0765625 0.16875
5 0.95546875 0.4453125 0.0890625 0.23359375
5 0.12578125 0.4859375 0.0875 0.25859375
5 0.16875 0.5203125 0.0765625 0.25703125
0 0.503125 0.48671875 0.040625 0.0546875
5 0.03203125 0.49765625 0.0640625 0.3109375
5 0.596875 0.45703125 0.10234375 0.24375
0 0.6 0.68828125 0.18828125 0.3921875
5 0.87734375 0.29375 0.08671875 0.13515625
5 0.89453125 0.45078125 0.1171875 0.24375
0 0.0671875 0.653125 0.071875 0.30546875
5 0.8078125 0.50234375 0.0953125 0.23515625
6 0.475 0.1296875 0.075 0.078125
5 0.69140625 0.475 0.1015625 0.265625
0 0.48671875 0.81796875 0.17265625 0.3609375
5 0.2921875 0.63359375 0.2015625 0.4828125
0 0.2546875 0.7625 0.184375 0.3859375