1 0.21484375 0.66015625 0.421875 0.66328125
4 0.3765625 0.45234375 0.04453125 0.015625
3 0.2359375 0.37109375 0.25546875 0.15
4 0.209375 0.571875 0.046875 0.01875
6 0.31953125 0.2828125 0.0328125 0.07109375
2 0.334375 0.4828125 0.1015625 0.05859375
4 0.14609375 0.73828125 0.10703125 0.03515625
5 0.45625 0.296875 0.06640625 0.0953125
5 0.50859375 0.44453125 0.2515625 0.2625
2 0.2359375 0.66171875 0.15 0.1296875
5 0.47421875 0.3546875 0.12265625 0.17578125
0 0.625 0.86640625 0.39609375 0.2671875
5 0.50546875 0.70546875 0.609375 0.58125