1 0.690625 0.7515625 0.35 0.46640625
6 0.45390625 0.31171875 0.0703125 0.1703125
5 0.353125 0.30390625 0.1109375 0.16015625
6 0.0375 0.290625 0.06953125 0.10390625
5 0.5421875 0.228125 0.0453125 0.040625
5 0.20390625 0.396875 0.13359375 0.2796875
5 0.16875 0.6203125 0.3375 0.58984375
2 0.715625 0.57109375 0.07421875 0.0953125
0 0.17890625 0.85859375 0.35546875 0.27734375
5 0.85546875 0.3109375 0.1734375 0.29921875
2 0.28203125 0.571875 0.19453125 0.0625
4 0.4125 0.5828125 0.0328125 0.040625
6 0.33125 0.434375 0.1484375 0.15234375
5 0.85859375 0.6546875 0.28125 0.54921875
0 0.928125 0.8515625 0.14140625 0.29140625