1 0.37421875 0.75859375 0.45390625 0.3703125
0 0.49375 0.64765625 0.1578125 0.09453125
5 0.84375 0.328125 0.084375 0.128125
5 0.58515625 0.64140625 0.28046875 0.70234375
5 0.8390625 0.42265625 0.109375 0.32890625
5 0.94453125 0.309375 0.08984375 0.2390625
0 0.04609375 0.915625 0.090625 0.12109375
3 0.3921875 0.3828125 0.05625 0.06953125
0 0.775 0.5390625 0.103125 0.240625
3 0.525 0.359375 0.06171875 0.06640625
6 0.6 0.32890625 0.1015625 0.09765625
3 0.80859375 0.384375 0.0625 0.06015625
5 0.4328125 0.35546875 0.07109375 0.14453125
5 0.1140625 0.44609375 0.09375 0.23125
3 0.32890625 0.475 0.11015625 0.12109375
5 0.3578125 0.41875 0.19609375 0.19140625
3 0.20078125 0.6625 0.16875 0.215625
5 0.1921875 0.47421875 0.17890625 0.29921875
5 0.71796875 0.32421875 0.07734375 0.13828125
5 0.1515625 0.69765625 0.303125 0.58125