1 0.60625 0.8265625 0.7859375 0.34609375
5 0.409375 0.3875 0.0484375 0.08984375
5 0.66328125 0.48046875 0.0828125 0.296875
5 0.2671875 0.4984375 0.1109375 0.3453125
5 0.52109375 0.50703125 0.08515625 0.3375
3 0.89921875 0.6109375 0.0875 0.0640625
5 0.89921875 0.38359375 0.07734375 0.17578125
5 0.92421875 0.484375 0.11796875 0.2578125
5 0.6046875 0.521875 0.15234375 0.3046875
5 0.15625 0.6296875 0.1578125 0.740625
5 0.459375 0.52265625 0.15234375 0.365625
3 0.36953125 0.7078125 0.175 0.165625
5 0.33125 0.5140625 0.1609375 0.4296875
5 0.77109375 0.6546875 0.18828125 0.68984375