1 0.6 0.815625 0.39453125 0.33359375
0 0.75625 0.8359375 0.0875 0.3140625
0 0.03046875 0.70234375 0.0609375 0.1859375
0 0.3 0.96875 0.10625 0.05546875
0 0.4796875 0.559375 0.046875 0.13515625
0 0.71171875 0.6015625 0.0703125 0.171875
0 0.6734375 0.62578125 0.0953125 0.140625
0 0.32109375 0.7625 0.11015625 0.25703125
0 0.59140625 0.86875 0.08515625 0.25859375
0 0.43671875 0.621875 0.0796875 0.1875
0 0.503125 0.86015625 0.12109375 0.27578125
0 0.21953125 0.775 0.10234375 0.2484375
5 0.3578125 0.54140625 0.10625 0.221875
0 0.10546875 0.69765625 0.0953125 0.23984375
0 0.6921875 0.88359375 0.13203125 0.22890625
0 0.56875 0.59140625 0.08515625 0.1546875