1 0.7765625 0.75234375 0.321875 0.46484375
5 0.71640625 0.440625 0.03203125 0.06328125
0 0.7046875 0.51953125 0.053125 0.1015625
5 0.6609375 0.41640625 0.02421875 0.06484375
0 0.45 0.565625 0.02734375 0.23125
5 0.68671875 0.41875 0.034375 0.078125
0 0.81328125 0.55703125 0.046875 0.1296875
5 0.63046875 0.4453125 0.07109375 0.1
0 0.61015625 0.76640625 0.121875 0.44375
0 0.76796875 0.79375 0.2 0.4
0 0.2953125 0.58125 0.05390625 0.24140625
0 0.18671875 0.6984375 0.1 0.346875
0 0.37734375 0.59453125 0.0984375 0.25703125
5 0.75546875 0.49375 0.075 0.203125
5 0.575 0.4890625 0.07421875 0.178125