1 0.28984375 0.709375 0.3734375 0.409375
5 0.584375 0.45390625 0.0859375 0.16484375
6 0.93046875 0.54375 0.1375 0.12265625
5 0.83203125 0.4703125 0.11328125 0.24296875
5 0.74296875 0.421875 0.10625 0.17109375
3 0.38203125 0.5421875 0.09765625 0.13203125
5 0.3890625 0.4328125 0.1125 0.21171875
3 0.2703125 0.5296875 0.1140625 0.1578125
0 0.575 0.70703125 0.1984375 0.39453125
5 0.63359375 0.3453125 0.084375 0.13046875
0 0.37734375 0.87578125 0.21171875 0.2484375
5 0.50625 0.58046875 0.21015625 0.39453125
5 0.1359375 0.4890625 0.221875 0.978125