1 0.7296875 0.83046875 0.51484375 0.32421875
0 0.50859375 0.74765625 0.0453125 0.103125
0 0.696875 0.9703125 0.19609375 0.05625
4 0.9578125 0.88671875 0.05859375 0.03515625
3 0.7859375 0.665625 0.10078125 0.13125
5 0.440625 0.4078125 0.1734375 0.53515625
3 0.69921875 0.69453125 0.109375 0.16484375
5 0.3796875 0.7453125 0.225 0.49375
2 0.8765625 0.85078125 0.24296875 0.06484375
0 0.40390625 0.9328125 0.14140625 0.128125
5 0.51640625 0.6296875 0.1421875 0.315625
5 0.63203125 0.60703125 0.240625 0.3640625
3 0.5953125 0.74375 0.153125 0.20078125
6 0.915625 0.66484375 0.165625 0.29765625
5 0.24140625 0.56484375 0.171875 0.85546875