1 0.38515625 0.7796875 0.3796875 0.43984375
5 0.70234375 0.3875 0.04375 0.0953125
0 0.48515625 0.64296875 0.12578125 0.171875
5 0.78828125 0.528125 0.171875 0.3421875
5 0.4171875 0.378125 0.065625 0.13125
5 0.95234375 0.4671875 0.0953125 0.16796875
5 0.584375 0.4078125 0.0625 0.15234375
5 0.6390625 0.42890625 0.1046875 0.2015625
0 0.6203125 0.51953125 0.071875 0.07578125
5 0.42734375 0.48125 0.17265625 0.24609375
5 0.5125 0.3515625 0.07890625 0.12734375
5 0.84296875 0.428125 0.11796875 0.17734375
5 0.853125 0.771875 0.2890625 0.4515625
5 0.2265625 0.70234375 0.3109375 0.5921875