1 0.7265625 0.609375 0.36796875 0.3140625
5 0.06328125 0.38515625 0.0375 0.16796875
5 0.02421875 0.38203125 0.04765625 0.2609375
5 0.1078125 0.35546875 0.02734375 0.13515625
5 0.30625 0.34296875 0.034375 0.12734375
5 0.79140625 0.34296875 0.0421875 0.071875
5 0.271875 0.31484375 0.034375 0.12734375
0 0.48359375 0.58671875 0.08515625 0.23125
6 0.48984375 0.146875 0.0984375 0.12421875
5 0.14140625 0.3234375 0.03984375 0.1296875
6 0.1703125 0.2359375 0.1828125 0.19375
5 0.21875 0.3125 0.046875 0.1328125
0 0.62265625 0.68203125 0.1203125 0.25859375