1 0.17265625 0.8140625 0.34453125 0.37109375
0 0.35625 0.59453125 0.08203125 0.1546875
5 0.8875 0.4609375 0.0765625 0.13046875
0 0.7515625 0.52421875 0.05 0.05078125
5 0.909375 0.86796875 0.18046875 0.2640625
0 0.23125 0.5765625 0.05859375 0.1109375
5 0.246875 0.4734375 0.0609375 0.134375
0 0.290625 0.5203125 0.0546875 0.11875
5 0.40234375 0.54296875 0.08984375 0.28359375
0 0.33828125 0.521875 0.0515625 0.11875
5 0.91875 0.4796875 0.14765625 0.17578125
5 0.17265625 0.515625 0.12421875 0.21875
5 0.096875 0.459375 0.05078125 0.12265625
0 0.06875 0.5953125 0.10234375 0.0703125
0 0.76953125 0.71171875 0.16796875 0.271875
3 0.68828125 0.5328125 0.11015625 0.08984375
5 0.5796875 0.51640625 0.090625 0.1859375
5 0.7546875 0.5984375 0.1796875 0.4234375
5 0.63203125 0.46015625 0.0765625 0.1109375
5 0.4421875 0.7078125 0.328125 0.584375
0 0.46953125 0.86796875 0.2765625 0.2640625