1 0.415625 0.73046875 0.3 0.31796875
5 0.5890625 0.28359375 0.0421875 0.11875
5 0.6140625 0.4375 0.08671875 0.3921875
5 0.5609375 0.44375 0.07734375 0.36640625
5 0.3078125 0.4421875 0.059375 0.31953125
5 0.24765625 0.4421875 0.08125 0.40078125
5 0.36875 0.42421875 0.0765625 0.27265625
5 0.48203125 0.36171875 0.0890625 0.22265625
5 0.42734375 0.59140625 0.1765625 0.47109375
0 0.24453125 0.67109375 0.13984375 0.3296875
5 0.140625 0.4921875 0.1 0.5328125
0 0.621875 0.678125 0.13359375 0.33125
5 0.74765625 0.50546875 0.16875 0.61640625
5 0.04609375 0.5171875 0.0921875 0.515625