1 0.85546875 0.803125 0.2875 0.18671875
5 0.09453125 0.96796875 0.1578125 0.05859375
0 0.90703125 0.89375 0.184375 0.2015625
5 0.3296875 0.459375 0.11015625 0.3484375
5 0.50859375 0.47109375 0.06640625 0.28984375
5 0.14375 0.4703125 0.1 0.3203125
5 0.23125 0.46875 0.0828125 0.296875
5 0.046875 0.46875 0.0921875 0.3015625
0 0.89375 0.6734375 0.15703125 0.09140625
0 0.07421875 0.8140625 0.14453125 0.3453125
5 0.4484375 0.45234375 0.109375 0.328125
5 0.821875 0.4640625 0.121875 0.31015625
5 0.7015625 0.4875 0.075 0.23359375
5 0.9421875 0.48046875 0.08984375 0.26640625
5 0.6203125 0.478125 0.0953125 0.30625