1 0.7015625 0.8125 0.23359375 0.31015625
3 0.11796875 0.6125 0.22578125 0.19140625
4 0.14921875 0.6359375 0.05078125 0.025
5 0.153125 0.4796875 0.1546875 0.24375
5 0.39921875 0.53046875 0.05625 0.084375
5 0.62109375 0.55703125 0.0921875 0.13828125
6 0.4625 0.5171875 0.11875 0.11484375
3 0.95546875 0.4875 0.08515625 0.0765625
4 0.64296875 0.734375 0.028125 0.02578125
5 0.85859375 0.46015625 0.11796875 0.303125
5 0.51484375 0.7265625 0.2140625 0.48984375
3 0.6296875 0.66640625 0.0828125 0.13828125
3 0.9328125 0.91640625 0.13203125 0.16640625
0 0.48984375 0.83125 0.2546875 0.334375
5 0.83203125 0.71328125 0.18125 0.40859375
5 0.2703125 0.671875 0.29765625 0.65625
5 0.70390625 0.50625 0.134375 0.359375