1 0.6140625 0.70546875 0.2734375 0.25234375
0 0.86875 0.70546875 0.25703125 0.5828125
5 0.04765625 0.48125 0.0953125 0.27265625
0 0.91171875 0.90078125 0.1671875 0.1953125
0 0.7671875 0.35546875 0.021875 0.12734375
5 0.459375 0.55 0.275 0.62890625
5 0.8515625 0.43515625 0.16796875 0.5515625
5 0.57421875 0.25234375 0.0953125 0.23046875
5 0.115625 0.39375 0.2203125 0.334375
5 0.51484375 0.37734375 0.1515625 0.36640625
5 0.92734375 0.58046875 0.1453125 0.5828125
5 0.21953125 0.3 0.171875 0.246875
5 0.29296875 0.6671875 0.53515625 0.65703125