1 0.5234375 0.3015625 0.65859375 0.22734375
2 0.32734375 0.75390625 0.09453125 0.021875
0 0.04765625 0.9546875 0.09375 0.08984375
2 0.72421875 0.78984375 0.078125 0.02734375
0 0.05078125 0.453125 0.10078125 0.13671875
2 0.71015625 0.253125 0.07265625 0.02421875
6 0.74609375 0.73125 0.13515625 0.1234375
6 0.43046875 0.1703125 0.109375 0.0703125
6 0.4421875 0.690625 0.12421875 0.0859375
0 0.475 0.28984375 0.14609375 0.196875
6 0.75234375 0.1890625 0.146875 0.128125
0 0.46640625 0.8203125 0.14609375 0.203125
1 0.55234375 0.83125 0.64609375 0.20390625