1 0.21796875 0.70234375 0.19921875 0.21328125
0 0.24921875 0.77890625 0.09296875 0.16015625
3 0.32109375 0.62421875 0.0671875 0.08828125
0 0.55546875 0.87265625 0.05546875 0.13359375
0 0.0640625 0.82890625 0.11328125 0.27421875
0 0.2484375 0.61015625 0.0703125 0.03984375
0 0.49140625 0.7453125 0.0796875 0.2625
5 0.80703125 0.4328125 0.1046875 0.121875
5 0.13125 0.54296875 0.125 0.1703125
3 0.17578125 0.64296875 0.0796875 0.07890625
0 0.9453125 0.7671875 0.1078125 0.42109375
5 0.3390625 0.5296875 0.08984375 0.115625
5 0.1109375 0.92109375 0.19453125 0.15390625
0 0.6140625 0.73203125 0.0375 0.08984375
0 0.5875 0.790625 0.046875 0.11015625
0 0.4 0.8359375 0.1671875 0.315625
5 0.1140625 0.69375 0.19453125 0.38359375
5 0.36875 0.7109375 0.165625 0.42578125
1 0.72421875 0.84765625 0.37421875 0.30390625