1 0.82265625 0.54375 0.21171875 0.20546875
0 0.2625 0.56171875 0.078125 0.1
0 0.4203125 0.52890625 0.08125 0.09140625
0 0.68671875 0.45234375 0.0734375 0.07421875
0 0.45546875 0.82734375 0.18828125 0.33203125
0 0.3609375 0.5828125 0.053125 0.05859375
0 0.4984375 0.52578125 0.06328125 0.11953125
0 0.8625 0.56875 0.10625 0.2015625
0 0.79453125 0.6171875 0.06171875 0.2109375
0 0.93125 0.5453125 0.05546875 0.17578125
0 0.58125 0.759375 0.121875 0.328125
0 0.71015625 0.68125 0.1671875 0.27890625
0 0.25 0.85078125 0.228125 0.2984375
5 0.5828125 0.4015625 0.096875 0.225
1 0.66484375 0.60625 0.28671875 0.24296875
1 0.3984375 0.73671875 0.4453125 0.33828125
1 0.36875 0.50078125 0.28515625 0.1203125