1 0.1984375 0.796875 0.396875 0.378125
5 0.23984375 0.25859375 0.05390625 0.09765625
0 0.16328125 0.2859375 0.04375 0.04296875
0 0.45234375 0.546875 0.06875 0.1421875
0 0.06875 0.33515625 0.034375 0.059375
0 0.60625 0.2984375 0.0765625 0.04765625
0 0.56171875 0.35 0.0875 0.05
5 0.4328125 0.30546875 0.0828125 0.12734375
0 0.50625 0.290625 0.07734375 0.0578125
5 0.27578125 0.29921875 0.065625 0.12265625
5 0.12265625 0.30390625 0.0890625 0.134375
5 0.659375 0.37265625 0.09375 0.140625
5 0.528125 0.50078125 0.1546875 0.23359375
5 0.2234375 0.37265625 0.11875 0.16953125
5 0.1265625 0.53046875 0.2078125 0.3515625
5 0.40546875 0.375 0.115625 0.165625
5 0.80546875 0.54765625 0.3296875 0.8875
1 0.6875 0.8 0.57421875 0.4