1 0.4359375 0.809375 0.871875 0.38125
5 0.18046875 0.42578125 0.0390625 0.15546875
0 0.02421875 0.5140625 0.0484375 0.05
0 0.1453125 0.6578125 0.1421875 0.0703125
0 0.17265625 0.521875 0.09375 0.03125
0 0.121875 0.509375 0.078125 0.0484375
5 0.1984375 0.42734375 0.0390625 0.1671875
5 0.040625 0.421875 0.065625 0.08359375
0 0.634375 0.8796875 0.340625 0.2296875
0 0.21171875 0.61015625 0.13203125 0.1359375
5 0.1375 0.40625 0.05390625 0.1609375
0 0.3859375 0.6421875 0.1609375 0.0734375
5 0.72109375 0.4359375 0.16875 0.584375
5 0.2484375 0.41796875 0.0828125 0.21953125
1 0.171875 0.54609375 0.34375 0.0734375