1 0.21015625 0.8875 0.3890625 0.21796875
0 0.69375 0.653125 0.0625 0.1578125
0 0.371875 0.69140625 0.08125 0.17265625
5 0.290625 0.6125 0.08984375 0.1890625
0 0.48828125 0.615625 0.01953125 0.03671875
5 0.0640625 0.68046875 0.1265625 0.30859375
0 0.53125 0.74921875 0.10546875 0.2359375
0 0.290625 0.6921875 0.084375 0.190625
5 0.8234375 0.46875 0.03984375 0.05234375
0 0.1875 0.75 0.09765625 0.2359375
0 0.74140625 0.6359375 0.05390625 0.1453125
0 0.059375 0.78828125 0.11796875 0.2265625
0 0.6328125 0.746875 0.103125 0.228125