1 0.63671875 0.8703125 0.725 0.2578125
0 0.09609375 0.509375 0.07890625 0.10859375
5 0.80546875 0.34296875 0.2484375 0.353125
0 0.61875 0.3828125 0.09375 0.065625
5 0.45 0.2859375 0.128125 0.2296875
0 0.62578125 0.478125 0.1 0.0890625
0 0.121875 0.61015625 0.15546875 0.10390625
3 0.41953125 0.3546875 0.09453125 0.0984375
3 0.37578125 0.4609375 0.1234375 0.14375
0 0.51171875 0.46953125 0.140625 0.07734375
5 0.2484375 0.21171875 0.2140625 0.4234375
5 0.2359375 0.38671875 0.21484375 0.325
3 0.5328125 0.796875 0.30390625 0.2125
5 0.7578125 0.584375 0.46484375 0.509375