1 0.64921875 0.5578125 0.35078125 0.36953125
0 0.01796875 0.41015625 0.0359375 0.0640625
6 0.3421875 0.4546875 0.0984375 0.12109375
3 0.41484375 0.34453125 0.05625 0.07109375
0 0.0953125 0.94609375 0.18828125 0.09921875
0 0.31015625 0.315625 0.01875 0.09296875
3 0.3421875 0.45234375 0.1015625 0.11328125
5 0.91484375 0.60625 0.16796875 0.16484375
0 0.95859375 0.68515625 0.0828125 0.1828125
3 0.3 0.41953125 0.084375 0.1015625
5 0.08125 0.41796875 0.1390625 0.19765625
3 0.51484375 0.31640625 0.0640625 0.059375
3 0.65703125 0.44453125 0.0890625 0.109375
0 0.67109375 0.3796875 0.07421875 0.04921875
5 0.54375 0.284375 0.08671875 0.1296875
0 0.7640625 0.696875 0.246875 0.378125
0 0.43671875 0.73828125 0.26640625 0.50625
6 0.05 0.240625 0.1 0.15
3 0.1765625 0.48046875 0.084375 0.125
5 0.3625 0.3125 0.0953125 0.24921875
5 0.25546875 0.3515625 0.10859375 0.17578125
5 0.484375 0.53671875 0.1890625 0.3359375
5 0.13203125 0.70859375 0.2640625 0.5640625
6 0.909375 0.2140625 0.1796875 0.425
5 0.7515625 0.53125 0.2578125 0.50390625