1 0.5 0.6890625 1 0.621875
3 0.30234375 0.5703125 0.09296875 0.075
3 0.1078125 0.75625 0.1609375 0.07734375
0 0.0265625 0.56875 0.03828125 0.05390625
5 0.8546875 0.29609375 0.0546875 0.12578125
5 0.97578125 0.4484375 0.0484375 0.42578125
3 0.79609375 0.3640625 0.0453125 0.06875
5 0.88203125 0.32265625 0.12421875 0.17421875
5 0.59765625 0.33828125 0.07421875 0.19296875
3 0.50625 0.49609375 0.10078125 0.1140625
5 0.775 0.29453125 0.07734375 0.15234375
3 0.74765625 0.3953125 0.09296875 0.07578125
5 0.5671875 0.37421875 0.1421875 0.2265625
5 0.4640625 0.37421875 0.14921875 0.296875
5 0.68515625 0.33984375 0.10234375 0.184375
5 0.30546875 0.40234375 0.20234375 0.325
3 0.0609375 0.653125 0.121875 0.1875
5 0.1609375 0.45859375 0.23828125 0.3953125