1 0.490625 0.75859375 0.36875 0.48046875
0 0.7859375 0.68046875 0.05390625 0.225
5 0.5015625 0.39296875 0.078125 0.12265625
0 0.9765625 0.603125 0.046875 0.159375
5 0.6640625 0.6875 0.16015625 0.41484375
5 0.33984375 0.421875 0.021875 0.10234375
0 0.828125 0.51875 0.0453125 0.1125
5 0.978125 0.43671875 0.04375 0.1078125
0 0.71953125 0.8078125 0.18046875 0.38125
0 0.875 0.54609375 0.0625 0.13984375
0 0.29375 0.80546875 0.18125 0.3765625
5 0.34453125 0.71640625 0.1640625 0.50546875
5 0.48359375 0.50625 0.159375 0.16640625
5 0.75390625 0.48359375 0.071875 0.2890625
5 0.2515625 0.428125 0.03515625 0.18828125
5 0.21796875 0.42890625 0.03515625 0.20703125