1 0.60546875 0.840625 0.7875 0.31796875
5 0.46953125 0.4875 0.1578125 0.165625
0 0.90390625 0.47578125 0.03828125 0.0765625
0 0.86015625 0.47421875 0.04375 0.0625
0 0.7265625 0.5578125 0.05625 0.15234375
0 0.5015625 0.590625 0.0875 0.0921875
0 0.11171875 0.6359375 0.1671875 0.30859375
0 0.0921875 0.7828125 0.184375 0.36875
0 0.64921875 0.58515625 0.15625 0.209375
5 0.08671875 0.5296875 0.134375 0.228125
5 0.7703125 0.4671875 0.07734375 0.1171875
5 0.63125 0.4859375 0.12578125 0.1734375
3 0.79375 0.51328125 0.06640625 0.0546875