1 0.1578125 0.81640625 0.315625 0.35234375
5 0.9484375 0.53046875 0.05546875 0.11328125
5 0.61328125 0.49453125 0.0640625 0.18125
5 0.5125 0.4875 0.0765625 0.1875
0 0.22421875 0.47265625 0.04375 0.03125
5 0.2671875 0.35546875 0.04375 0.06796875
5 0.05625 0.39453125 0.08125 0.1046875
2 0.64453125 0.98046875 0.109375 0.03828125
0 0.53203125 0.52578125 0.04765625 0.1078125
3 0.63984375 0.91640625 0.11328125 0.1109375
5 0.36484375 0.4546875 0.065625 0.09296875
5 0.7765625 0.5328125 0.16484375 0.28046875
6 0.03828125 0.6328125 0.0765625 0.159375
0 0.8625 0.71171875 0.0953125 0.1546875
5 0.16328125 0.31953125 0.040625 0.08984375
6 0.0265625 0.15078125 0.053125 0.2765625
5 0.8078125 0.88828125 0.15625 0.2171875
0 0.90625 0.84609375 0.165625 0.29609375
3 0.09765625 0.7390625 0.109375 0.15625
6 0.7265625 0.75703125 0.146875 0.1546875
6 0.57109375 0.77734375 0.1703125 0.17421875
6 0.39296875 0.8125 0.1921875 0.21796875