1 0.4171875 0.7375 0.49140625 0.42734375
0 0.35390625 0.28828125 0.04765625 0.040625
0 0.8390625 0.81796875 0.24609375 0.35703125
0 0.5875 0.309375 0.06171875 0.04296875
0 0.02265625 0.6765625 0.0453125 0.146875
5 0.7109375 0.48984375 0.13671875 0.36953125
5 0.96484375 0.7734375 0.0703125 0.40625
0 0.1390625 0.884375 0.20234375 0.228125
0 0.246875 0.396875 0.06328125 0.16015625
0 0.04140625 0.540625 0.07890625 0.17734375
0 0.32578125 0.5296875 0.059375 0.15
5 0.8421875 0.4515625 0.1640625 0.3375
0 0.090625 0.4 0.0859375 0.1390625
0 0.57890625 0.44453125 0.0875 0.084375
5 0.20234375 0.52578125 0.3234375 0.41640625
0 0.2984375 0.43125 0.125 0.19765625
5 0.75546875 0.68125 0.33125 0.63515625
5 0.434375 0.42578125 0.20703125 0.33046875
5 0.23359375 0.75 0.4640625 0.4921875