1 0.4 0.7984375 0.284375 0.33203125
0 0.971875 0.7734375 0.05546875 0.2140625
0 0.896875 0.740625 0.10546875 0.23125
5 0.30546875 0.59296875 0.08125 0.165625
5 0.2125 0.5421875 0.0546875 0.11015625
0 0.440625 0.6203125 0.0484375 0.08984375
0 0.3875 0.63828125 0.0609375 0.0484375
5 0.36328125 0.56015625 0.05625 0.12578125
5 0.9703125 0.5703125 0.05859375 0.11171875
5 0.4015625 0.47265625 0.0421875 0.11484375
0 0.615625 0.85859375 0.1421875 0.27578125
5 0.61015625 0.66328125 0.0921875 0.29453125
0 0.68828125 0.8046875 0.05859375 0.26015625
0 0.19453125 0.86484375 0.1640625 0.26640625
5 0.24375 0.74375 0.15 0.45390625
5 0.50390625 0.5484375 0.078125 0.25234375
0 0.4015625 0.890625 0.146875 0.21875
5 0.53984375 0.77265625 0.1625 0.4484375
6 0.684375 0.37421875 0.24609375 0.30546875
5 0.08828125 0.6109375 0.175 0.75625