1 0.4578125 0.78046875 0.7703125 0.43828125
0 0.14921875 0.4890625 0.0828125 0.19453125
6 0.5140625 0.1328125 0.04765625 0.09453125
5 0.6703125 0.16875 0.15625 0.24609375
0 0.1375 0.32734375 0.14453125 0.2375
0 0.396875 0.25625 0.1015625 0.175
4 0.2859375 0.95234375 0.08125 0.09453125
6 0.84765625 0.61015625 0.296875 0.65
6 0.0828125 0.18671875 0.11015625 0.12421875
2 0.57109375 0.8546875 0.30390625 0.2828125
0 0.62265625 0.41796875 0.21953125 0.4265625
5 0.32421875 0.52890625 0.43359375 0.92578125