1 0.6390625 0.65625 0.721875 0.6875
1 0.82578125 0.05859375 0.0734375 0.0453125
1 0.746875 0.05546875 0.0640625 0.0578125
1 0.70625 0.1109375 0.05 0.0390625
1 0.68125 0.0734375 0.05 0.0703125
1 0.67421875 0.0453125 0.0578125 0.0578125
1 0.61953125 0.08046875 0.0890625 0.14375
1 0.57421875 0.11484375 0.084375 0.1
1 0.55 0.0078125 0.0265625 0.0140625
1 0.5203125 0.0421875 0.071875 0.084375
1 0.5 0.1359375 0.0625 0.053125
1 0.484375 0.02890625 0.046875 0.0578125
1 0.45078125 0.11640625 0.0734375 0.08125
1 0.44765625 0.00390625 0.0546875 0.0078125
1 0.43359375 0.06953125 0.06875 0.0609375
1 0.19375 0.590625 0.3875 0.425
1 0.4 0.03203125 0.075 0.0609375
1 0.37578125 0.08125 0.06875 0.10625
1 0.3671875 0.140625 0.0578125 0.0578125
1 0.365625 0.1703125 0.046875 0.046875
1 0.390625 0.01484375 0.0375 0.0296875
1 0.22578125 0.40625 0.1796875 0.253125
1 0.0765625 0.50859375 0.153125 0.3515625