1 0.64609375 0.65390625 0.7078125 0.6703125
1 0.81015625 0.04765625 0.071875 0.0421875
1 0.73125 0.04765625 0.0625 0.05625
1 0.6921875 0.10390625 0.0484375 0.0375
1 0.66640625 0.0671875 0.0484375 0.06875
1 0.65859375 0.03984375 0.05625 0.05625
1 0.6046875 0.0765625 0.084375 0.1421875
1 0.5609375 0.1125 0.08125 0.0984375
1 0.53203125 0.00625 0.0265625 0.0125
1 0.5046875 0.04140625 0.06875 0.0828125
1 0.4875 0.13671875 0.0609375 0.0515625
1 0.46796875 0.02890625 0.0453125 0.0578125
1 0.4375 0.11875 0.0703125 0.0796875
1 0.43046875 0.00390625 0.0546875 0.0078125
1 0.41875 0.071875 0.0671875 0.059375
1 0.1921875 0.60234375 0.384375 0.4140625
1 0.38359375 0.0359375 0.0734375 0.0578125
1 0.3609375 0.0859375 0.065625 0.1046875
1 0.3546875 0.1453125 0.05625 0.05625
1 0.35390625 0.175 0.046875 0.0453125
1 0.37421875 0.0171875 0.0359375 0.034375
1 0.22265625 0.415625 0.171875 0.2484375
1 0.07421875 0.52421875 0.1484375 0.3484375