1 0.33125 0.63671875 0.6625 0.60390625
1 0.2390625 0.01796875 0.06875 0.0359375
1 0.3171875 0.02578125 0.05703125 0.05078125
1 0.35 0.0859375 0.0453125 0.0328125
1 0.3796875 0.05234375 0.04140625 0.06484375
1 0.390625 0.02578125 0.05078125 0.05078125
1 0.43984375 0.06796875 0.0703125 0.1359375
1 0.4796875 0.10859375 0.07265625 0.09140625
1 0.51875 0.00546875 0.02578125 0.0109375
1 0.54296875 0.04140625 0.0609375 0.0828125
1 0.55078125 0.13984375 0.05703125 0.04609375
1 0.58125 0.034375 0.03984375 0.05703125
1 0.60234375 0.12734375 0.06328125 0.0734375
1 0.621875 0.00859375 0.053125 0.015625
1 0.62578125 0.0828125 0.06171875 0.053125
1 0.803125 0.63515625 0.3640625 0.37734375
1 0.6640625 0.05078125 0.06796875 0.0515625
1 0.68125 0.10234375 0.05546875 0.1
1 0.68125 0.1625 0.0515625 0.0515625
1 0.67890625 0.1921875 0.0421875 0.040625
1 0.6765625 0.02421875 0.03125 0.0484375
1 0.784375 0.4453125 0.1484375 0.234375
1 0.93125 0.56953125 0.1359375 0.3359375