1 0.928125 0.4578125 0.14375 0.35625
1 0.8875 0.75 0.225 0.446875
1 0.8796875 0.13984375 0.1625 0.2796875
1 0.75703125 0.21015625 0.1859375 0.4015625
1 0.6984375 0.77890625 0.215625 0.3765625
1 0.67265625 0.42109375 0.1609375 0.3125
1 0.55859375 0.865625 0.1890625 0.26875
1 0.496875 0.16640625 0.175 0.309375
1 0.4734375 0.5203125 0.2328125 0.3828125
1 0.30078125 0.1796875 0.2203125 0.3359375
1 0.37421875 0.821875 0.15625 0.3421875
1 0.2921875 0.4875 0.1296875 0.271875
1 0.2421875 0.721875 0.19375 0.328125
1 0.1125 0.234375 0.225 0.41875
1 0.1125 0.4171875 0.2140625 0.296875
1 0.10078125 0.83515625 0.1640625 0.3296875