1 0.075 0.44375 0.15 0.359375
1 0.1109375 0.734375 0.221875 0.453125
1 0.1328125 0.13359375 0.171875 0.2671875
1 0.253125 0.2015625 0.2 0.403125
1 0.2921875 0.771875 0.2265625 0.38125
1 0.33046875 0.415625 0.1703125 0.315625
1 0.42734375 0.86328125 0.1984375 0.2734375
1 0.51484375 0.16640625 0.184375 0.3125
1 0.52578125 0.52109375 0.2453125 0.3890625
1 0.71015625 0.18671875 0.23125 0.3421875
1 0.6140625 0.82578125 0.1671875 0.3453125
1 0.70859375 0.49453125 0.1390625 0.275
1 0.74921875 0.73046875 0.2046875 0.3328125
1 0.88828125 0.2484375 0.2234375 0.425
1 0.8890625 0.43046875 0.221875 0.3015625
1 0.8859375 0.84140625 0.175 0.3171875