1 0.06328125 0.496875 0.1265625 0.346875
1 0.11484375 0.784375 0.2296875 0.42890625
1 0.0890625 0.1578125 0.13671875 0.3015625
1 0.21875 0.23359375 0.153125 0.3890625
1 0.3265625 0.7953125 0.184375 0.36171875
1 0.32109375 0.43671875 0.13515625 0.3015625
1 0.47265625 0.87109375 0.16796875 0.2578125
1 0.47421875 0.1671875 0.15 0.296875
1 0.528125 0.51796875 0.2015625 0.3671875
1 0.6703125 0.16328125 0.19296875 0.3203125
1 0.653125 0.809375 0.128125 0.3328125
1 0.70625 0.46953125 0.1078125 0.2640625
1 0.77578125 0.6984375 0.1671875 0.3140625
1 0.88359375 0.2 0.2328125 0.4
1 0.87890625 0.38359375 0.18984375 0.28125
1 0.92734375 0.81015625 0.13515625 0.33984375