1 0.5765625 0.53828125 0.16484375 0.3015625
1 0.1046875 0.73359375 0.20859375 0.153125
1 0.11484375 0.4609375 0.22421875 0.22890625
1 0.115625 0.9015625 0.0203125 0.02734375
1 0.29921875 0.4015625 0.2015625 0.2
1 0.39921875 0.4984375 0.05 0.0421875
1 0.41875 0.5515625 0.02734375 0.040625
1 0.525 0.35078125 0.215625 0.2359375
1 0.47734375 0.5046875 0.04609375 0.07578125
1 0.690625 0.33984375 0.0953125 0.18046875
1 0.7421875 0.48515625 0.07109375 0.18515625
1 0.825 0.29765625 0.13125 0.1875
1 0.8671875 0.45390625 0.05546875 0.146875
1 0.93671875 0.21796875 0.1046875 0.1140625
1 0.953125 0.37421875 0.09296875 0.17265625