1 0.421875 0.534375 0.1796875 0.309375
1 0.8828125 0.75390625 0.215625 0.1640625
1 0.884375 0.48125 0.23125 0.240625
1 0.8625 0.92109375 0.021875 0.028125
1 0.70546875 0.4125 0.2125 0.2109375
1 0.60078125 0.50390625 0.0515625 0.0453125
1 0.578125 0.55546875 0.0296875 0.0421875
1 0.4828125 0.35 0.228125 0.246875
1 0.52265625 0.50625 0.05 0.078125
1 0.31796875 0.33046875 0.1046875 0.1859375
1 0.25859375 0.47265625 0.08125 0.1890625
1 0.1859375 0.28125 0.140625 0.19375
1 0.1359375 0.434375 0.0625 0.15
1 0.07890625 0.1953125 0.1109375 0.11875
1 0.05390625 0.35078125 0.1015625 0.1765625