1 0.42265625 0.53671875 0.1703125 0.3046875
1 0.89140625 0.740625 0.2109375 0.15625
1 0.8859375 0.46796875 0.228125 0.2328125
1 0.87734375 0.90859375 0.0203125 0.028125
1 0.70234375 0.40546875 0.2046875 0.203125
1 0.60078125 0.5 0.05 0.04375
1 0.58046875 0.553125 0.028125 0.040625
1 0.47734375 0.35 0.2203125 0.2390625
1 0.52265625 0.50546875 0.046875 0.0765625
1 0.3125 0.33671875 0.0984375 0.1828125
1 0.2578125 0.48125 0.075 0.1859375
1 0.17890625 0.2921875 0.134375 0.1890625
1 0.13359375 0.44765625 0.0578125 0.1484375
1 0.06796875 0.21015625 0.10625 0.115625
1 0.04921875 0.36640625 0.0953125 0.175