1 0.50390625 0.49453125 0.9578125 0.8984375
1 0.17109375 0.58984375 0.20390625 0.3390625
1 0.346875 0.37421875 0.1546875 0.17578125
1 0.42578125 0.52265625 0.21015625 0.240625
1 0.3796875 0.8921875 0.09609375 0.11171875
1 0.46015625 0.71015625 0.12734375 0.19453125
1 0.4828125 0.88828125 0.10390625 0.115625
1 0.6296875 0.665625 0.25546875 0.26875
1 0.56796875 0.88984375 0.09375 0.1125
1 0.665625 0.90390625 0.05078125 0.07265625
1 0.8609375 0.409375 0.25 0.4890625
1 0.853125 0.80234375 0.1296875 0.22890625