0 0.25078125 0.5515625 0.0234375 0.03203125
0 0.259375 0.49921875 0.0234375 0.0296875
0 0.284375 0.54296875 0.02890625 0.040625
0 0.3671875 0.559375 0.02734375 0.04296875
0 0.3921875 0.54765625 0.01953125 0.03671875
0 0.4171875 0.5546875 0.0203125 0.04140625
0 0.4265625 0.52734375 0.0234375 0.03515625
0 0.4328125 0.47421875 0.0234375 0.028125
0 0.50078125 0.54296875 0.01953125 0.034375
0 0.553125 0.57578125 0.015625 0.03203125
0 0.56796875 0.58828125 0.0265625 0.04453125
0 0.64140625 0.40625 0.0171875 0.015625
0 0.725 0.41796875 0.015625 0.02578125
0 0.91796875 0.47890625 0.0171875 0.02265625
0 0.9421875 0.46640625 0.01953125 0.01953125