0 0.25625 0.5734375 0.0265625 0.034375
0 0.26015625 0.5203125 0.0265625 0.03125
0 0.2890625 0.56171875 0.0328125 0.04375
0 0.37265625 0.57109375 0.03125 0.0453125
0 0.396875 0.55703125 0.0234375 0.0390625
0 0.42265625 0.56171875 0.0234375 0.04375
0 0.42890625 0.53359375 0.0265625 0.0375
0 0.43046875 0.48046875 0.0265625 0.0296875
0 0.5046875 0.54296875 0.021875 0.0359375
0 0.559375 0.57109375 0.01875 0.0328125
0 0.57578125 0.58203125 0.0296875 0.046875
0 0.6328125 0.39453125 0.01875 0.0171875
0 0.7171875 0.3984375 0.0171875 0.0265625
0 0.91484375 0.4421875 0.01875 0.0234375
0 0.9375 0.428125 0.021875 0.021875