0 0.73828125 0.58984375 0.028125 0.0359375
0 0.7375 0.53671875 0.028125 0.0328125
0 0.70625 0.57578125 0.034375 0.0453125
0 0.621875 0.5796875 0.034375 0.046875
0 0.59921875 0.5640625 0.025 0.0390625
0 0.5734375 0.5671875 0.0265625 0.04375
0 0.56796875 0.53828125 0.028125 0.0390625
0 0.5703125 0.48515625 0.028125 0.03125
0 0.4921875 0.5421875 0.025 0.0375
0 0.4359375 0.56640625 0.0203125 0.034375
0 0.41875 0.5765625 0.0328125 0.0484375
0 0.375 0.38515625 0.01875 0.01875
0 0.290625 0.38359375 0.01875 0.028125
0 0.090625 0.4140625 0.0203125 0.025
0 0.06875 0.39765625 0.021875 0.021875