1 0.778125 0.61171875 0.071875 0.0484375
1 0.44609375 0.65234375 0.7828125 0.578125
1 0.775 0.528125 0.040625 0.053125
1 0.71015625 0.53359375 0.01875 0.021875
1 0.6453125 0.440625 0.0546875 0.0421875
1 0.64140625 0.690625 0.05625 0.0921875
1 0.56875 0.54140625 0.0265625 0.021875
1 0.528125 0.59453125 0.0390625 0.04375
1 0.49375 0.7015625 0.0578125 0.0453125
1 0.4765625 0.628125 0.040625 0.040625
1 0.41640625 0.67578125 0.06875 0.053125
1 0.40703125 0.775 0.103125 0.08125
1 0.27734375 0.47578125 0.2609375 0.1890625
1 0.31875 0.728125 0.034375 0.0734375
1 0.2859375 0.8546875 0.1078125 0.0828125
1 0.24375 0.7546875 0.0828125 0.0921875