1 0.7625 0.64453125 0.0671875 0.0421875
1 0.428125 0.64453125 0.74375 0.5171875
1 0.76953125 0.56171875 0.0375 0.05
1 0.7046875 0.559375 0.0171875 0.0203125
1 0.6515625 0.45859375 0.0515625 0.0390625
1 0.61640625 0.70703125 0.0484375 0.0890625
1 0.56328125 0.54921875 0.025 0.0203125
1 0.51640625 0.596875 0.034375 0.040625
1 0.46953125 0.69921875 0.0546875 0.040625
1 0.4609375 0.62421875 0.0375 0.0375
1 0.3953125 0.66484375 0.065625 0.046875
1 0.37421875 0.76171875 0.0984375 0.0734375
1 0.28203125 0.4484375 0.246875 0.16875
1 0.2921875 0.70390625 0.028125 0.071875
1 0.24453125 0.82578125 0.103125 0.0734375
1 0.21484375 0.721875 0.0765625 0.0859375