1 0.23515625 0.63984375 0.0671875 0.04140625
1 0.56953125 0.64609375 0.734375 0.50390625
1 0.2296875 0.55703125 0.0359375 0.04921875
1 0.29453125 0.55546875 0.01640625 0.01953125
1 0.34921875 0.45625 0.05078125 0.0375
1 0.3796875 0.7046875 0.046875 0.0875
1 0.4359375 0.5484375 0.025 0.01953125
1 0.48203125 0.596875 0.034375 0.040625
1 0.52734375 0.7 0.0546875 0.03984375
1 0.53671875 0.625 0.03671875 0.0375
1 0.6015625 0.66640625 0.0640625 0.04609375
1 0.62109375 0.7640625 0.096875 0.07109375
1 0.71875 0.45234375 0.24453125 0.16484375
1 0.70390625 0.7078125 0.02734375 0.07109375
1 0.75 0.83046875 0.1015625 0.071875
1 0.78125 0.7265625 0.075 0.084375