0 0.10859375 0.7671875 0.109375 0.175
0 0.18359375 0.884375 0.0765625 0.1125
0 0.2125 0.57421875 0.1203125 0.190625
0 0.2828125 0.84375 0.0546875 0.0828125
0 0.30703125 0.6421875 0.0625 0.065625
0 0.3328125 0.73046875 0.0796875 0.1234375
0 0.43125 0.79453125 0.0734375 0.11875
0 0.4734375 0.86640625 0.0734375 0.115625
0 0.50546875 0.80234375 0.0546875 0.090625
0 0.51171875 0.65703125 0.09375 0.1625
0 0.584375 0.88125 0.0609375 0.0953125
0 0.6359375 0.37265625 0.1171875 0.184375
0 0.7015625 0.7625 0.0890625 0.1328125
0 0.77578125 0.75234375 0.0734375 0.1109375
0 0.8515625 0.84921875 0.053125 0.084375
0 0.85859375 0.7046875 0.1046875 0.159375
0 0.87734375 0.609375 0.065625 0.11875
0 0.9484375 0.58828125 0.103125 0.1734375