0 0.06796875 0.69453125 0.0984375 0.16875
0 0.121875 0.8234375 0.06875 0.109375
0 0.20390625 0.52265625 0.1078125 0.1859375
0 0.22578125 0.80078125 0.05 0.0796875
0 0.28515625 0.60703125 0.059375 0.0625
0 0.2953125 0.6984375 0.071875 0.1203125
0 0.38125 0.77890625 0.0671875 0.115625
0 0.41015625 0.85625 0.0671875 0.1125
0 0.453125 0.7984375 0.05 0.0875
0 0.48359375 0.65625 0.084375 0.1578125
0 0.5171875 0.890625 0.0546875 0.0921875
0 0.65625 0.39765625 0.10625 0.1796875
0 0.653125 0.79375 0.08125 0.128125
0 0.728125 0.796875 0.065625 0.1078125
0 0.78515625 0.9046875 0.046875 0.0828125
0 0.81796875 0.7640625 0.09375 0.1546875
0 0.85234375 0.6734375 0.0578125 0.115625
0 0.93515625 0.665625 0.1078125 0.1671875