0 0.07890625 0.7171875 0.090625 0.16484375
0 0.1390625 0.84296875 0.0640625 0.10546875
0 0.20546875 0.53828125 0.0984375 0.18046875
0 0.2421875 0.81484375 0.04609375 0.078125
0 0.29140625 0.61796875 0.05625 0.059375
0 0.30625 0.70859375 0.06640625 0.11640625
0 0.39609375 0.784375 0.0609375 0.1125
0 0.42890625 0.86015625 0.0609375 0.109375
0 0.46875 0.80078125 0.0453125 0.08515625
0 0.4921875 0.65703125 0.07578125 0.15390625
0 0.5375 0.8890625 0.05078125 0.0890625
0 0.65078125 0.38984375 0.096875 0.17421875
0 0.66796875 0.78515625 0.075 0.125
0 0.74296875 0.784375 0.0609375 0.1046875
0 0.80625 0.8890625 0.04296875 0.08046875
0 0.83125 0.746875 0.08671875 0.15
0 0.8609375 0.6546875 0.05234375 0.11328125
0 0.94296875 0.64296875 0.1 0.1625