0 0.92421875 0.271875 0.121875 0.20625
0 0.94453125 0.5859375 0.1109375 0.275
0 0.88046875 0.0953125 0.15 0.1484375
0 0.86796875 0.40390625 0.203125 0.271875
0 0.725 0.175 0.3625 0.35
0 0.8015625 0.44765625 0.2078125 0.2328125
0 0.7 0.0328125 0.19375 0.065625
0 0.38359375 0.13515625 0.3328125 0.2703125
0 0.4796875 0.5828125 0.228125 0.2140625
0 0.5109375 0.88984375 0.209375 0.2203125
0 0.3859375 0.3625 0.2921875 0.39375
0 0.29296875 0.88828125 0.3734375 0.2234375
0 0.2609375 0.525 0.328125 0.434375
0 0.1515625 0.22734375 0.303125 0.3953125
0 0.25390625 0.9828125 0.2546875 0.034375
0 0.059375 0.65625 0.11875 0.409375