0 0.928125 0.27890625 0.11875 0.2046875
0 0.9453125 0.59296875 0.109375 0.2734375
0 0.8875 0.10234375 0.1484375 0.146875
0 0.86953125 0.4109375 0.2 0.26875
0 0.73203125 0.17578125 0.3578125 0.3515625
0 0.80234375 0.45234375 0.2046875 0.23125
0 0.70859375 0.03359375 0.1921875 0.0671875
0 0.38984375 0.13359375 0.3296875 0.2671875
0 0.47890625 0.58203125 0.2265625 0.2109375
0 0.503125 0.890625 0.20625 0.21875
0 0.38828125 0.36015625 0.2875 0.390625
0 0.2859375 0.8875 0.36875 0.225
0 0.2609375 0.5203125 0.321875 0.43125
0 0.153125 0.2203125 0.30625 0.390625
0 0.24453125 0.98125 0.2546875 0.0375
0 0.05625 0.6484375 0.1125 0.409375