0 0.0484375 0.3328125 0.09609375 0.19453125
0 0.0546875 0.64921875 0.10859375 0.26171875
0 0.0671875 0.15234375 0.13359375 0.13125
0 0.12265625 0.45625 0.1703125 0.25
0 0.2296875 0.19921875 0.3203125 0.32890625
0 0.19375 0.48984375 0.1796875 0.21015625
0 0.23359375 0.04296875 0.1828125 0.0859375
0 0.5640625 0.11953125 0.303125 0.23828125
0 0.53125 0.57890625 0.2046875 0.1875
0 0.54375 0.89140625 0.1828125 0.20234375
0 0.59375 0.34765625 0.24453125 0.36328125
0 0.7625 0.8828125 0.34375 0.23203125
0 0.73984375 0.49140625 0.275 0.40078125
0 0.8234375 0.17890625 0.290625 0.3578125
0 0.81484375 0.97109375 0.25 0.05546875
0 0.9625 0.59375 0.07265625 0.40390625