1 0.82421875 0.82421875 0.08046875 0.10703125
1 0.0375 0.5546875 0.075 0.0890625
1 0.0828125 0.86484375 0.08359375 0.11015625
1 0.15 0.503125 0.07734375 0.09609375
1 0.21796875 0.8140625 0.06328125 0.10546875
1 0.24296875 0.96015625 0.10078125 0.07734375
1 0.2640625 0.46796875 0.0734375 0.0984375
1 0.3109375 0.14453125 0.07265625 0.07109375
1 0.34140625 0.77265625 0.0828125 0.11015625
1 0.37265625 0.9375 0.096875 0.103125
1 0.390625 0.421875 0.05078125 0.1
1 0.41875 0.14375 0.0640625 0.0546875
1 0.45546875 0.71171875 0.084375 0.0921875
1 0.52890625 0.14453125 0.07109375 0.07421875
1 0.5234375 0.4 0.05625 0.06171875
1 0.509375 0.5625 0.02421875 0.0453125
1 0.5421875 0.903125 0.08515625 0.0890625
1 0.5671875 0.7359375 0.0859375 0.0921875
1 0.6140625 0.43515625 0.06796875 0.0953125
1 0.6375 0.14921875 0.0734375 0.065625
1 0.6765625 0.940625 0.0875 0.09375
1 0.696875 0.77109375 0.08359375 0.10546875
1 0.73359375 0.47421875 0.0671875 0.07578125
1 0.79921875 0.9640625 0.075 0.0703125
1 0.84921875 0.51796875 0.0703125 0.1015625
1 0.9421875 0.85859375 0.08125 0.1
1 0.9359375 0.99296875 0.03359375 0.01171875
1 0.9625 0.559375 0.0578125 0.0875