1 0.87578125 0.76328125 0.0984375 0.11875
1 0.05390625 0.634375 0.0890625 0.1
1 0.15234375 0.93203125 0.1015625 0.1234375
1 0.15625 0.5640625 0.0921875 0.1078125
1 0.2765625 0.85859375 0.08125 0.115625
1 0.3265625 0.975 0.1125 0.05
1 0.26171875 0.509375 0.0890625 0.109375
1 0.25234375 0.1828125 0.084375 0.0828125
1 0.39140625 0.79609375 0.1 0.1234375
1 0.45078125 0.946875 0.1140625 0.10625
1 0.37890625 0.4421875 0.0671875 0.1078125
1 0.3578125 0.16328125 0.071875 0.065625
1 0.49296875 0.71640625 0.0984375 0.1046875
1 0.46640625 0.14453125 0.0828125 0.0859375
1 0.50546875 0.39765625 0.065625 0.0703125
1 0.5203125 0.56015625 0.03125 0.0484375
1 0.61171875 0.88984375 0.1 0.103125
1 0.60703125 0.7203125 0.1 0.10625
1 0.60078125 0.41640625 0.0828125 0.10625
1 0.57421875 0.13046875 0.084375 0.078125
1 0.75078125 0.903125 0.103125 0.1078125
1 0.740625 0.7328125 0.1 0.11875
1 0.72578125 0.434375 0.0796875 0.0859375
1 0.875 0.9046875 0.0859375 0.0828125
1 0.846875 0.45703125 0.0875 0.1125
1 0.97421875 0.7765625 0.0515625 0.1125
1 0.96484375 0.478125 0.0703125 0.096875