1 0.16484375 0.8125 0.084375 0.109375
1 0.96015625 0.57109375 0.078125 0.0921875
1 0.90390625 0.87890625 0.0875 0.1125
1 0.85 0.515625 0.08125 0.0984375
1 0.77109375 0.8234375 0.0671875 0.1078125
1 0.740625 0.9640625 0.103125 0.071875
1 0.73671875 0.4765625 0.0765625 0.1015625
1 0.7015625 0.1515625 0.075 0.0734375
1 0.64921875 0.778125 0.0859375 0.1125
1 0.61171875 0.94140625 0.1 0.10625
1 0.61171875 0.42578125 0.0546875 0.1015625
1 0.59375 0.146875 0.065625 0.05625
1 0.5375 0.71328125 0.0875 0.0953125
1 0.48359375 0.14375 0.0734375 0.0765625
1 0.4796875 0.39921875 0.0578125 0.0640625
1 0.48828125 0.5625 0.0265625 0.046875
1 0.44375 0.9015625 0.0875 0.0921875
1 0.425 0.73359375 0.0890625 0.0953125
1 0.38828125 0.43125 0.071875 0.096875
1 0.375 0.14453125 0.075 0.06875
1 0.3078125 0.934375 0.090625 0.096875
1 0.29375 0.7640625 0.0875 0.1078125
1 0.2671875 0.46640625 0.0703125 0.078125
1 0.18515625 0.953125 0.078125 0.0734375
1 0.15 0.50546875 0.0734375 0.1046875
1 0.0453125 0.84296875 0.084375 0.103125
1 0.046875 0.97734375 0.034375 0.0125
1 0.0359375 0.54296875 0.0609375 0.0890625